Vertex Count: 1122

Data:

0.000905 -0.028943 -0.068493 0.92415 0.155358 0.020508 -0.999481 -0.024262
-0.006582 -0.028072 -0.068444 0.92567 0.133651 -0.249886 -0.967986 -0.022736
0.000844 -0.028428 -0.079169 0.962415 0.155277 0.020569 -0.998596 -0.048219
-0.006582 -0.028072 -0.068444 0.956183 0.221183 -0.249886 -0.967986 -0.022736
-0.006502 -0.027574 -0.079121 0.975799 0.257716 -0.24958 -0.967193 -0.046968
0.000844 -0.028428 -0.079169 0.944456 0.277483 0.020569 -0.998596 -0.048219
-0.006582 -0.028072 -0.068444 0.92423 0.89434 -0.249886 -0.967986 -0.022736
-0.013556 -0.025213 -0.068399 0.929208 0.867965 -0.501785 -0.864711 -0.021363
-0.006502 -0.027574 -0.079121 0.959529 0.89434 -0.24958 -0.967193 -0.046968
-0.013556 -0.025213 -0.068399 0.417409 0.021208 -0.501785 -0.864711 -0.021363
-0.013346 -0.024768 -0.079076 0.437414 0.050285 -0.501328 -0.86404 -0.045808
-0.006502 -0.027574 -0.079121 0.424344 0.065784 -0.24958 -0.967193 -0.046968
-0.013556 -0.025213 -0.068399 0.289347 0.073212 -0.501785 -0.864711 -0.021363
-0.0195 -0.020579 -0.068361 0.302741 0.037754 -0.716453 -0.697317 -0.020234
-0.013346 -0.024768 -0.079076 0.330975 0.064127 -0.501328 -0.86404 -0.045808
-0.0195 -0.020579 -0.068361 0.938495 0.748183 -0.716453 -0.697317 -0.020234
-0.01918 -0.020219 -0.079039 0.962281 0.788319 -0.715873 -0.696768 -0.044862
-0.013346 -0.024768 -0.079076 0.939229 0.803263 -0.501328 -0.86404 -0.045808
-0.0195 -0.020579 -0.068361 0.532148 0.064676 -0.716453 -0.697317 -0.020234
-0.023973 -0.014513 -0.068332 0.530731 0.03639 -0.877987 -0.478225 -0.019379
-0.01918 -0.020219 -0.079039 0.567444 0.074088 -0.715873 -0.696768 -0.044862
-0.023973 -0.014513 -0.068332 0.940644 0.823403 -0.877987 -0.478225 -0.019379
-0.02357 -0.014266 -0.079012 0.962144 0.860965 -0.877316 -0.477828 -0.04413
-0.01918 -0.020219 -0.079039 0.929208 0.867965 -0.715873 -0.696768 -0.044862
-0.023973 -0.014513 -0.068332 0.064277 0.076123 -0.877987 -0.478225 -0.019379
-0.026644 -0.007464 -0.068315 0.063581 0.040336 -0.974487 -0.223609 -0.018952
-0.02357 -0.014266 -0.079012 0.106592 0.066012 -0.877316 -0.477828 -0.04413
-0.026644 -0.007464 -0.068315 0.944456 0.277483 -0.974487 -0.223609 -0.018952
-0.02619 -0.007349 -0.078994 0.963169 0.318791 -0.973724 -0.223395 -0.043764
-0.02357 -0.014266 -0.079012 0.927642 0.335873 -0.877316 -0.477828 -0.04413
-0.026644 -0.007464 -0.068315 0.92616 0.07114 -0.974487 -0.223609 -0.018952
-0.027314 4.4e-005 -0.068313 0.915168 0.04864 -0.998688 0.047517 -0.018921
-0.02619 -0.007349 -0.078994 0.954478 0.066282 -0.973724 -0.223395 -0.043764
-0.027314 4.4e-005 -0.068313 0.962144 0.860965 -0.998688 0.047517 -0.018921
-0.026848 1.8e-005 -0.078992 0.98252 0.898519 -0.997894 0.047456 -0.043641
-0.02619 -0.007349 -0.078994 0.962498 0.912507 -0.973724 -0.223395 -0.043764
-0.027314 4.4e-005 -0.068313 0.924345 0.185959 -0.998688 0.047517 -0.018921
-0.025934 0.007454 -0.068322 0.92415 0.155358 -0.948851 0.315104 -0.019227
-0.026848 1.8e-005 -0.078992 0.959543 0.183206 -0.997894 0.047456 -0.043641
-0.025934 0.007454 -0.068322 0.937689 0.693474 -0.948851 0.315104 -0.019227
-0.025495 0.00729 -0.079002 0.962227 0.744688 -0.948119 0.314859 -0.043825
-0.026848 1.8e-005 -0.078992 0.938495 0.748183 -0.997894 0.047456 -0.043641
-0.025934 0.007454 -0.068322 0.923067 0.587417 -0.948851 0.315104 -0.019227
-0.022606 0.014216 -0.068345 0.921673 0.559351 -0.828669 0.559343 -0.01999
-0.025495 0.00729 -0.079002 0.950928 0.580303 -0.948119 0.314859 -0.043825
-0.022606 0.014216 -0.068345 0.950928 0.580303 -0.828669 0.559343 -0.01999
-0.022228 0.013927 -0.079023 0.966017 0.623649 -0.827937 0.559008 -0.044435
-0.025495 0.00729 -0.079002 0.94133 0.627694 -0.948119 0.314859 -0.043825
-0.022606 0.014216 -0.068345 0.924768 0.228414 -0.828669 0.559343 -0.01999
-0.017577 0.019831 -0.068379 0.924345 0.185959 -0.646992 0.762169 -0.021088
-0.022228 0.013927 -0.079023 0.956183 0.221183 -0.827937 0.559008 -0.044435
-0.017577 0.019831 -0.068379 0.955963 0.023254 -0.646992 0.762169 -0.021088
-0.017292 0.019437 -0.079057 0.976 0.052312 -0.646413 0.76162 -0.045289
-0.022228 0.013927 -0.079023 0.954478 0.066282 -0.827937 0.559008 -0.044435
-0.017577 0.019831 -0.068379 0.898614 0.871523 -0.646992 0.762169 -0.021088
-0.011219 0.023879 -0.068421 0.929208 0.867965 -0.417432 0.908414 -0.02237
-0.017292 0.019437 -0.079057 0.920113 0.920319 -0.646413 0.76162 -0.045289
-0.011219 0.023879 -0.068421 0.962174 0.701105 -0.417432 0.908414 -0.02237
-0.011053 0.02341 -0.079098 0.982213 0.73016 -0.417035 0.907682 -0.046327
-0.017292 0.019437 -0.079057 0.962227 0.744688 -0.646413 0.76162 -0.045289
-0.011219 0.023879 -0.068421 0.923067 0.587417 -0.417432 0.908414 -0.02237
-0.004006 0.026063 -0.068468 0.950928 0.580303 -0.156896 0.987304 -0.023865
-0.011053 0.02341 -0.079098 0.94133 0.627694 -0.417035 0.907682 -0.046327
-0.004006 0.026063 -0.068468 0.962322 0.359113 -0.156896 0.987304 -0.023865
-0.003974 0.025553 -0.079144 0.983847 0.388074 -0.156621 0.98648 -0.047609
-0.011053 0.02341 -0.079098 0.962334 0.407802 -0.417035 0.907682 -0.046327
-0.004006 0.026063 -0.068468 0.127739 0.069885 -0.156896 0.987304 -0.023865
0.00353 0.02622 -0.068517 0.156183 0.057119 0.11536 0.992981 -0.025391
-0.003974 0.025553 -0.079144 0.153177 0.106547 -0.156621 0.98648 -0.047609
0.00353 0.02622 -0.068517 0.879573 0.015925 0.11536 0.992981 -0.025391
0.003421 0.025706 -0.079193 0.893562 0.062679 0.11536 0.992096 -0.048891
-0.003974 0.025553 -0.079144 0.865816 0.062126 -0.156621 0.98648 -0.047609
0.00353 0.02622 -0.068517 0.893562 0.062679 0.11536 0.992981 -0.025391
0.010828 0.024336 -0.068565 0.915168 0.04864 0.378948 0.925016 -0.026826
0.003421 0.025706 -0.079193 0.914725 0.100389 0.11536 0.992096 -0.048891
0.010828 0.024336 -0.068565 0.962334 0.407802 0.378948 0.925016 -0.026826
0.010583 0.023859 -0.07924 0.983859 0.434749 0.378613 0.924161 -0.05002
0.003421 0.025706 -0.079193 0.962333 0.450282 0.11536 0.992096 -0.048891
0.010828 0.024336 -0.068565 0.793791 0.825731 0.378948 0.925016 -0.026826
0.017348 0.020555 -0.068607 0.823581 0.820944 0.614429 0.788446 -0.028108
0.010583 0.023859 -0.07924 0.821472 0.86465 0.378613 0.924161 -0.05002
0.017348 0.020555 -0.068607 0.805234 0.017227 0.614429 0.788446 -0.028108
0.016982 0.020148 -0.079281 0.825272 0.04628 0.613941 0.787683 -0.051149
0.010583 0.023859 -0.07924 0.803053 0.069524 0.378613 0.924161 -0.05002
0.017348 0.020555 -0.068607 0.865816 0.062126 0.614429 0.788446 -0.028108
0.022606 0.015154 -0.068641 0.893562 0.062679 0.804437 0.59331 -0.029115
0.016982 0.020148 -0.079281 0.863392 0.100659 0.613941 0.787683 -0.051149
0.022606 0.015154 -0.068641 0.963629 0.823453 0.804437 0.59331 -0.029115
0.022142 0.014847 -0.079314 0.983665 0.852507 0.803705 0.59273 -0.052004
0.016982 0.020148 -0.079281 0.962144 0.860965 0.613941 0.787683 -0.051149
0.022606 0.015154 -0.068641 0.935948 0.359021 0.804437 0.59331 -0.029115
0.026211 0.008535 -0.068663 0.962322 0.359113 0.93469 0.354198 -0.029786
0.022142 0.014847 -0.079314 0.933178 0.407542 0.803705 0.59273 -0.052004
0.026211 0.008535 -0.068663 0.962415 0.155277 0.93469 0.354198 -0.029786
0.02568 0.008351 -0.079336 0.982545 0.187375 0.933805 0.353862 -0.052553
0.022142 0.014847 -0.079314 0.962513 0.201352 0.803705 0.59273 -0.052004
0.026211 0.008535 -0.068663 0.934474 0.458705 0.93469 0.354198 -0.029786
0.027897 0.001189 -0.068674 0.962333 0.450282 0.995575 0.08887 -0.03003
0.02568 0.008351 -0.079336 0.92554 0.4923 0.933805 0.353862 -0.052553
0.027897 0.001189 -0.068674 0.480582 0.014674 0.995575 0.08887 -0.03003
0.027334 0.001142 -0.079346 0.502092 0.053162 0.994629 0.088778 -0.052828
0.02568 0.008351 -0.079336 0.480582 0.058618 0.933805 0.353862 -0.052553
0.027897 0.001189 -0.068674 0.94133 0.627694 0.995575 0.08887 -0.03003
0.027539 -0.00634 -0.06867 0.966017 0.623649 0.982635 -0.18305 -0.029878
0.027334 0.001142 -0.079346 0.939172 0.665873 0.994629 0.088778 -0.052828
0.027539 -0.00634 -0.06867 0.832794 0.010553 0.982635 -0.18305 -0.029878
0.026983 -0.006247 -0.079343 0.860339 0.046256 0.981719 -0.182867 -0.052767
0.027334 0.001142 -0.079346 0.840316 0.060248 0.994629 0.088778 -0.052828
0.027539 -0.00634 -0.06867 0.933178 0.407542 0.982635 -0.18305 -0.029878
0.025163 -0.013493 -0.068654 0.962334 0.407802 0.896786 -0.44145 -0.029328
0.026983 -0.006247 -0.079343 0.934474 0.458705 0.981719 -0.182867 -0.052767
0.025163 -0.013493 -0.068654 0.962333 0.450282 0.896786 -0.44145 -0.029328
0.024651 -0.013266 -0.079326 0.983832 0.480747 0.895962 -0.440992 -0.05237
0.026983 -0.006247 -0.079343 0.963817 0.494745 0.981719 -0.182867 -0.052767
0.025163 -0.013493 -0.068654 0.937595 0.08925 0.896786 -0.44145 -0.029328
0.020945 -0.01974 -0.068625 0.962484 0.089384 0.744377 -0.667135 -0.028413
0.024651 -0.013266 -0.079326 0.92567 0.133651 0.895962 -0.440992 -0.05237
0.020945 -0.01974 -0.068625 0.941884 0.506105 0.744377 -0.667135 -0.028413
0.020511 -0.019397 -0.079299 0.963384 0.541484 0.743736 -0.666433 -0.051607
0.024651 -0.013266 -0.079326 0.941884 0.54918 0.895962 -0.440992 -0.05237
0.020945 -0.01974 -0.068625 0.924768 0.228414 0.744377 -0.667135 -0.028413
0.015198 -0.024616 -0.068587 0.956183 0.221183 0.53676 -0.843257 -0.027192
0.020511 -0.019397 -0.079299 0.923905 0.260028 0.743736 -0.666433 -0.051607
0.015198 -0.024616 -0.068587 0.962227 0.744688 0.53676 -0.843257 -0.027192
0.014872 -0.024182 -0.079261 0.983774 0.781315 0.536332 -0.842463 -0.05063
0.020511 -0.019397 -0.079299 0.962281 0.788319 0.743736 -0.666433 -0.051607
0.015198 -0.024616 -0.068587 0.330975 0.064127 0.53676 -0.843257 -0.027192
0.008349 -0.027762 -0.068542 0.340999 0.037752 0.289346 -0.956847 -0.025788
0.014872 -0.024182 -0.079261 0.377658 0.064955 0.536332 -0.842463 -0.05063
0.008349 -0.027762 -0.068542 0.940014 0.921425 0.289346 -0.956847 -0.025788
0.00815 -0.027269 -0.079217 0.962992 0.956204 0.289193 -0.955962 -0.049471
0.014872 -0.024182 -0.079261 0.942175 0.972096 0.536332 -0.842463 -0.05063
0.008349 -0.027762 -0.068542 0.377658 0.064955 0.289346 -0.956847 -0.025788
0.000905 -0.028943 -0.068493 0.376576 0.025659 0.020508 -0.999481 -0.024262
0.00815 -0.027269 -0.079217 0.424344 0.065784 0.289193 -0.955962 -0.049471
0.000905 -0.028943 -0.068493 0.509173 0.021584 0.020508 -0.999481 -0.024262
0.000844 -0.028428 -0.079169 0.530731 0.03639 0.020569 -0.998596 -0.048219
0.00815 -0.027269 -0.079217 0.51077 0.066161 0.289193 -0.955962 -0.049471
0.001034 -0.028948 -0.048723 0.398545 0.603673 0.021088 -0.997467 0.067721
-0.006457 -0.028076 -0.048674 0.423297 0.597744 -0.248726 -0.966063 0.069491
0.000905 -0.028943 -0.068493 0.421814 0.664671 0.020508 -0.999481 -0.024262
-0.006457 -0.028076 -0.048674 0.398545 0.374778 -0.248726 -0.966063 0.069491
-0.006582 -0.028072 -0.068444 0.423293 0.443178 -0.249886 -0.967986 -0.022736
0.000905 -0.028943 -0.068493 0.398545 0.447622 0.020508 -0.999481 -0.024262
-0.006457 -0.028076 -0.048674 0.398545 0.524905 -0.248726 -0.966063 0.069491
-0.013434 -0.025216 -0.048629 0.423293 0.516032 -0.500107 -0.863002 0.071078
-0.006582 -0.028072 -0.068444 0.423297 0.597744 -0.249886 -0.967986 -0.022736
-0.013434 -0.025216 -0.048629 0.252706 0.443753 -0.500107 -0.863002 0.071078
-0.013556 -0.025213 -0.068399 0.277453 0.516601 -0.501785 -0.864711 -0.021363
-0.006582 -0.028072 -0.068444 0.252707 0.52104 -0.249886 -0.967986 -0.022736
-0.013434 -0.025216 -0.048629 0.227955 0.604246 -0.500107 -0.863002 0.071078
-0.019382 -0.020579 -0.04859 0.252707 0.598322 -0.714408 -0.695944 0.07239
-0.013556 -0.025213 -0.068399 0.251222 0.665246 -0.501785 -0.864711 -0.021363
-0.019382 -0.020579 -0.04859 0.001497 0.448183 -0.714408 -0.695944 0.07239
-0.0195 -0.020579 -0.068361 0.026982 0.523998 -0.716453 -0.697317 -0.020234
-0.013556 -0.025213 -0.068399 0.001491 0.525474 -0.501785 -0.864711 -0.021363
-0.019382 -0.020579 -0.04859 0.001485 0.604246 -0.714408 -0.695944 0.07239
-0.023858 -0.014509 -0.048562 0.026236 0.598322 -0.875668 -0.477248 0.073336
-0.0195 -0.020579 -0.068361 0.024752 0.665246 -0.716453 -0.697317 -0.020234
-0.023858 -0.014509 -0.048562 0.026187 0.370737 -0.875668 -0.477248 0.073336
-0.023973 -0.014513 -0.068332 0.050988 0.437831 -0.877987 -0.478225 -0.019379
-0.0195 -0.020579 -0.068361 0.026243 0.443753 -0.716453 -0.697317 -0.020234
-0.023858 -0.014509 -0.048562 0.252707 0.52104 -0.875668 -0.477248 0.073336
-0.02653 -0.007457 -0.048546 0.277453 0.516601 -0.971954 -0.223182 0.073824
-0.023973 -0.014513 -0.068332 0.27746 0.593885 -0.877987 -0.478225 -0.019379
-0.02653 -0.007457 -0.048546 0.423293 0.443178 -0.971954 -0.223182 0.073824
-0.026644 -0.007464 -0.068315 0.44804 0.510092 -0.974487 -0.223609 -0.018952
-0.023973 -0.014513 -0.068332 0.423293 0.516032 -0.877987 -0.478225 -0.019379
-0.02653 -0.007457 -0.048546 0.001491 0.525474 -0.971954 -0.223182 0.073824
-0.0272 5.5e-005 -0.048542 0.026982 0.523998 -0.996124 0.047487 0.073824
-0.026644 -0.007464 -0.068315 0.026236 0.598322 -0.974487 -0.223609 -0.018952
-0.0272 5.5e-005 -0.048542 0.227967 0.448187 -0.996124 0.047487 0.073824
-0.027314 4.4e-005 -0.068313 0.252707 0.52104 -0.998688 0.047517 -0.018921
-0.026644 -0.007464 -0.068315 0.227961 0.525474 -0.974487 -0.223609 -0.018952
-0.0272 5.5e-005 -0.048542 0.423297 0.597744 -0.996124 0.047487 0.073824
-0.025819 0.007469 -0.048552 0.448044 0.588866 -0.946379 0.314554 0.073397
-0.027314 4.4e-005 -0.068313 0.449702 0.666613 -0.998688 0.047517 -0.018921
-0.025819 0.007469 -0.048552 0.145045 0.393512 -0.946379 0.314554 0.073397
-0.025934 0.007454 -0.068322 0.168297 0.460439 -0.948851 0.315104 -0.019227
-0.027314 4.4e-005 -0.068313 0.141864 0.45896 -0.998688 0.047517 -0.018921
-0.025819 0.007469 -0.048552 0.026982 0.523998 -0.946379 0.314554 0.073397
-0.022489 0.014235 -0.048575 0.050988 0.516598 -0.826441 0.558306 0.072481
-0.025934 0.007454 -0.068322 0.050988 0.593882 -0.948851 0.315104 -0.019227
-0.022489 0.014235 -0.048575 0.227967 0.376824 -0.826441 0.558306 0.072481
-0.022606 0.014216 -0.068345 0.252706 0.443753 -0.828669 0.559343 -0.01999
-0.025934 0.007454 -0.068322 0.227967 0.448187 -0.948851 0.315104 -0.019227
-0.022489 0.014235 -0.048575 0.026236 0.598322 -0.826441 0.558306 0.072481
-0.017458 0.019853 -0.048608 0.050988 0.593882 -0.6451 0.760735 0.0712
-0.022606 0.014216 -0.068345 0.053067 0.666731 -0.828669 0.559343 -0.01999
-0.017458 0.019853 -0.048608 0.423293 0.516032 -0.6451 0.760735 0.0712
-0.017577 0.019831 -0.068379 0.448044 0.588866 -0.646992 0.762169 -0.021088
-0.022606 0.014216 -0.068345 0.423297 0.597744 -0.828669 0.559343 -0.01999
-0.017458 0.019853 -0.048608 0.252707 0.598322 -0.6451 0.760735 0.0712
-0.011096 0.023904 -0.048651 0.27746 0.593885 -0.415937 0.906705 0.069613
-0.017577 0.019831 -0.068379 0.28057 0.671104 -0.646992 0.762169 -0.021088
-0.011096 0.023904 -0.048651 0.398545 0.447622 -0.415937 0.906705 0.069613
-0.011219 0.023879 -0.068421 0.423293 0.516032 -0.417432 0.908414 -0.02237
-0.017577 0.019831 -0.068379 0.398545 0.524905 -0.646992 0.762169 -0.021088
-0.011096 0.023904 -0.048651 0.227961 0.525474 -0.415937 0.906705 0.069613
-0.003879 0.026089 -0.048698 0.252707 0.52104 -0.155858 0.985412 0.067873
-0.011219 0.023879 -0.068421 0.252707 0.598322 -0.417432 0.908414 -0.02237
-0.003879 0.026089 -0.048698 0.001497 0.375339 -0.155858 0.985412 0.067873
-0.004006 0.026063 -0.068468 0.026243 0.443753 -0.156896 0.987304 -0.023865
-0.011219 0.023879 -0.068421 0.001497 0.448183 -0.417432 0.908414 -0.02237
-0.003879 0.026089 -0.048698 0.198223 0.266276 -0.155858 0.985412 0.067873
0.003661 0.026244 -0.048747 0.227296 0.272627 0.115787 0.991058 0.066103
-0.004006 0.026063 -0.068468 0.200082 0.331559 -0.156896 0.987304 -0.023865
0.003661 0.026244 -0.048747 0.026243 0.443753 0.115787 0.991058 0.066103
0.00353 0.02622 -0.068517 0.050988 0.516598 0.11536 0.992981 -0.025391
-0.004006 0.026063 -0.068468 0.026982 0.523998 -0.156896 0.987304 -0.023865
0.003661 0.026244 -0.048747 0.738643 0.862731 0.115787 0.991058 0.066103
0.010963 0.024361 -0.048795 0.763546 0.864984 0.378857 0.923185 0.064425
0.00353 0.02622 -0.068517 0.738643 0.931746 0.11536 0.992981 -0.025391
0.010963 0.024361 -0.048795 0.492378 0.214907 0.378857 0.923185 0.064425
0.010828 0.024336 -0.068565 0.492377 0.280191 0.378948 0.925016 -0.026826
0.00353 0.02622 -0.068517 0.466004 0.274468 0.11536 0.992981 -0.025391
0.010963 0.024361 -0.048795 0.738643 0.739936 0.378857 0.923185 0.064425
0.017486 0.020577 -0.048837 0.765031 0.739999 0.61388 0.786859 0.06296
0.010828 0.024336 -0.068565 0.738643 0.80819 0.378948 0.925016 -0.026826
0.017486 0.020577 -0.048837 0.692005 0.21344 0.61388 0.786859 0.06296
0.017348 0.020555 -0.068607 0.695396 0.280209 0.614429 0.788446 -0.028108
0.010828 0.024336 -0.068565 0.667537 0.281695 0.378948 0.925016 -0.026826
0.017486 0.020577 -0.048837 0.738115 0.668776 0.61388 0.786859 0.06296
0.022747 0.015173 -0.04887 0.765987 0.674601 0.8034 0.592181 0.06183
0.017348 0.020555 -0.068607 0.738643 0.739936 0.614429 0.788446 -0.028108
0.022747 0.015173 -0.04887 0.766932 0.531331 0.8034 0.592181 0.06183
0.022606 0.015154 -0.068641 0.766937 0.598105 0.804437 0.59331 -0.029115
0.017348 0.020555 -0.068607 0.740557 0.597616 0.614429 0.788446 -0.028108
0.022747 0.015173 -0.04887 0.025159 0.238604 0.8034 0.592181 0.06183
0.026355 0.008551 -0.048894 0.054946 0.232955 0.933378 0.353557 0.061098
0.022606 0.015154 -0.068641 0.026187 0.302969 0.804437 0.59331 -0.029115
0.026355 0.008551 -0.048894 0.749213 0.213441 0.933378 0.353557 0.061098
0.026211 0.008535 -0.068663 0.751117 0.280207 0.93469 0.354198 -0.029786
0.022606 0.015154 -0.068641 0.723257 0.28021 0.804437 0.59331 -0.029115
0.026355 0.008551 -0.048894 0.740557 0.597616 0.933378 0.353557 0.061098
0.028042 0.001201 -0.048903 0.766937 0.598105 0.994171 0.088717 0.060823
0.026211 0.008535 -0.068663 0.738115 0.668776 0.93469 0.354198 -0.029786
0.028042 0.001201 -0.048903 0.778975 0.215409 0.994171 0.088717 0.060823
0.027897 0.001189 -0.068674 0.776957 0.281697 0.995575 0.08887 -0.03003
0.026211 0.008535 -0.068663 0.751117 0.280207 0.93469 0.354198 -0.029786
0.028042 0.001201 -0.048903 0.026187 0.302969 0.994171 0.088717 0.060823
0.027684 -0.006333 -0.048901 0.05264 0.308587 0.981262 -0.182653 0.061068
0.027897 0.001189 -0.068674 0.026187 0.370737 0.995575 0.08887 -0.03003
0.027684 -0.006333 -0.048901 0.593144 0.213442 0.981262 -0.182653 0.061068
0.027539 -0.00634 -0.06867 0.607522 0.280209 0.982635 -0.18305 -0.029878
0.027897 0.001189 -0.068674 0.569114 0.281686 0.995575 0.08887 -0.03003
0.027684 -0.006333 -0.048901 0.738643 0.931746 0.981262 -0.182653 0.061068
0.025306 -0.01349 -0.048884 0.765032 0.933236 0.895596 -0.440535 0.061739
0.027539 -0.00634 -0.06867 0.733522 0.998515 0.982635 -0.18305 -0.029878
0.025306 -0.01349 -0.048884 0.719867 0.213442 0.895596 -0.440535 0.061739
0.025163 -0.013493 -0.068654 0.723257 0.28021 0.896786 -0.44145 -0.029328
0.027539 -0.00634 -0.06867 0.695396 0.280209 0.982635 -0.18305 -0.029878
0.025306 -0.01349 -0.048884 0.740557 0.405805 0.895596 -0.440535 0.061739
0.021086 -0.019739 -0.048855 0.766943 0.405804 0.743553 -0.6657 0.062868
0.025163 -0.013493 -0.068654 0.743378 0.47406 0.896786 -0.44145 -0.029328
0.021086 -0.019739 -0.048855 0.66567 0.213442 0.743553 -0.6657 0.062868
0.020945 -0.01974 -0.068625 0.667537 0.281695 0.744377 -0.667135 -0.028413
0.025163 -0.013493 -0.068654 0.639678 0.280209 0.896786 -0.44145 -0.029328
0.021086 -0.019739 -0.048855 0.424787 0.380836 0.743553 -0.6657 0.062868
0.015335 -0.024619 -0.048818 0.445859 0.37707 0.536393 -0.841487 0.064272
0.020945 -0.01974 -0.068625 0.423293 0.443178 0.744377 -0.667135 -0.028413
0.015335 -0.024619 -0.048818 0.639716 0.213442 0.536393 -0.841487 0.064272
0.015198 -0.024616 -0.068587 0.639678 0.280209 0.53676 -0.843257 -0.027192
0.020945 -0.01974 -0.068625 0.607522 0.280209 0.744377 -0.667135 -0.028413
0.015335 -0.024619 -0.048818 0.740557 0.339036 0.536393 -0.841487 0.064272
0.008483 -0.027767 -0.048772 0.75986 0.337547 0.289438 -0.954894 0.06595
0.015198 -0.024616 -0.068587 0.740557 0.405805 0.53676 -0.843257 -0.027192
0.008483 -0.027767 -0.048772 0.115079 0.392034 0.289438 -0.954894 0.06595
0.008349 -0.027762 -0.068542 0.141864 0.45896 0.289346 -0.956847 -0.025788
0.015198 -0.024616 -0.068587 0.115426 0.463394 0.53676 -0.843257 -0.027192
0.008483 -0.027767 -0.048772 0.174988 0.264788 0.289438 -0.954894 0.06595
0.001034 -0.028948 -0.048723 0.198223 0.266276 0.021088 -0.997467 0.067721
0.008349 -0.027762 -0.068542 0.17146 0.333044 0.289346 -0.956847 -0.025788
0.001034 -0.028948 -0.048723 0.254192 0.376838 0.021088 -0.997467 0.067721
0.000905 -0.028943 -0.068493 0.277448 0.43784 0.020508 -0.999481 -0.024262
0.008349 -0.027762 -0.068542 0.252706 0.443753 0.289346 -0.956847 -0.025788
0.0011 -0.026478 -0.030794 0.820905 0.533735 0.021668 -0.973632 0.226966
-0.005725 -0.025684 -0.03075 0.844953 0.527259 -0.241737 -0.942991 0.228675
0.001034 -0.028948 -0.048723 0.84496 0.595823 0.021088 -0.997467 0.067721
-0.005725 -0.025684 -0.03075 0.820905 0.533735 -0.241737 -0.942991 0.228675
-0.006457 -0.028076 -0.048674 0.820912 0.600022 -0.248726 -0.966063 0.069491
0.001034 -0.028948 -0.048723 0.793035 0.589016 0.021088 -0.997467 0.067721
-0.005725 -0.025684 -0.03075 0.252849 0.162239 -0.241737 -0.942991 0.228675
-0.012082 -0.023077 -0.030709 0.276074 0.160759 -0.487197 -0.842372 0.230232
-0.006457 -0.028076 -0.048674 0.275413 0.222361 -0.248726 -0.966063 0.069491
-0.012082 -0.023077 -0.030709 0.829548 0.218965 -0.487197 -0.842372 0.230232
-0.013434 -0.025216 -0.048629 0.832943 0.271972 -0.500107 -0.863002 0.071078
-0.006457 -0.028076 -0.048674 0.805077 0.275373 -0.248726 -0.966063 0.069491
-0.012082 -0.023077 -0.030709 0.820912 0.600022 -0.487197 -0.842372 0.230232
-0.017501 -0.018852 -0.030674 0.84496 0.595823 -0.696341 -0.679312 0.231513
-0.013434 -0.025216 -0.048629 0.844966 0.664387 -0.500107 -0.863002 0.071078
-0.017501 -0.018852 -0.030674 0.82092 0.41 -0.696341 -0.679312 0.231513
-0.019382 -0.020579 -0.04859 0.823855 0.474113 -0.714408 -0.695944 0.07239
-0.013434 -0.025216 -0.048629 0.794778 0.469455 -0.500107 -0.863002 0.071078
-0.017501 -0.018852 -0.030674 0.821472 0.86465 -0.696341 -0.679312 0.231513
-0.021579 -0.013322 -0.030648 0.849666 0.864931 -0.853755 -0.465865 0.232459
-0.019382 -0.020579 -0.04859 0.845484 0.928982 -0.714408 -0.695944 0.07239
-0.021579 -0.013322 -0.030648 0.820912 0.600022 -0.853755 -0.465865 0.232459
-0.023858 -0.014509 -0.048562 0.823111 0.680259 -0.875668 -0.477248 0.073336
-0.019382 -0.020579 -0.04859 0.788459 0.661268 -0.714408 -0.695944 0.07239
-0.021579 -0.013322 -0.030648 0.802947 0.149885 -0.853755 -0.465865 0.232459
-0.024014 -0.006897 -0.030633 0.844411 0.156778 -0.947752 -0.217872 0.232948
-0.023858 -0.014509 -0.048562 0.829548 0.218965 -0.875668 -0.477248 0.073336
-0.024014 -0.006897 -0.030633 0.278382 0.195977 -0.947752 -0.217872 0.232948
-0.02653 -0.007457 -0.048546 0.33468 0.195977 -0.971954 -0.223182 0.073824
-0.023858 -0.014509 -0.048562 0.344483 0.22363 -0.875668 -0.477248 0.073336
-0.024014 -0.006897 -0.030633 0.22751 0.15444 -0.947752 -0.217872 0.232948
-0.024625 -5.3e-005 -0.03063 0.252849 0.162239 -0.971374 0.046327 0.232978
-0.02653 -0.007457 -0.048546 0.247835 0.223846 -0.971954 -0.223182 0.073824
-0.024625 -5.3e-005 -0.03063 0.051117 0.180717 -0.971374 0.046327 0.232978
-0.0272 5.5e-005 -0.048542 0.054946 0.232955 -0.996124 0.047487 0.073824
-0.02653 -0.007457 -0.048546 0.025159 0.238604 -0.971954 -0.223182 0.073824
-0.024625 -5.3e-005 -0.03063 0.618681 0.151845 -0.971374 0.046327 0.232978
-0.023366 0.006702 -0.030639 0.642725 0.150355 -0.922819 0.307138 0.23249
-0.0272 5.5e-005 -0.048542 0.639716 0.213442 -0.996124 0.047487 0.073824
-0.023366 0.006702 -0.030639 0.823111 0.680259 -0.922819 0.307138 0.23249
-0.025819 0.007469 -0.048552 0.824953 0.754954 -0.946379 0.314554 0.073397
-0.0272 5.5e-005 -0.048542 0.796276 0.750529 -0.996124 0.047487 0.073824
-0.023366 0.006702 -0.030639 0.820922 0.345502 -0.922819 0.307138 0.23249
-0.020333 0.012867 -0.03066 0.84497 0.33902 -0.805719 0.545091 0.231605
-0.025819 0.007469 -0.048552 0.844971 0.405802 -0.946379 0.314554 0.073397
-0.020333 0.012867 -0.03066 0.778975 0.215409 -0.805719 0.545091 0.231605
-0.022489 0.014235 -0.048575 0.805077 0.275373 -0.826441 0.558306 0.072481
-0.025819 0.007469 -0.048552 0.776957 0.281697 -0.946379 0.314554 0.073397
-0.020333 0.012867 -0.03066 0.572068 0.156041 -0.805719 0.545091 0.231605
-0.015748 0.017985 -0.03069 0.590076 0.150354 -0.628742 0.742668 0.230384
-0.022489 0.014235 -0.048575 0.593144 0.213442 -0.826441 0.558306 0.072481
-0.015748 0.017985 -0.03069 0.766932 0.531331 -0.628742 0.742668 0.230384
-0.017458 0.019853 -0.048608 0.793035 0.589016 -0.6451 0.760735 0.0712
-0.022489 0.014235 -0.048575 0.766937 0.598105 -0.826441 0.558306 0.072481
-0.015748 0.017985 -0.03069 0.824953 0.754954 -0.628742 0.742668 0.230384
-0.009952 0.021676 -0.030729 0.849002 0.74624 -0.404981 0.885189 0.228858
-0.017458 0.019853 -0.048608 0.84981 0.81204 -0.6451 0.760735 0.0712
-0.009952 0.021676 -0.030729 0.820922 0.345502 -0.404981 0.885189 0.228858
-0.011096 0.023904 -0.048651 0.82092 0.41 -0.415937 0.906705 0.069613
-0.017458 0.019853 -0.048608 0.793052 0.398507 -0.6451 0.760735 0.0712
-0.009952 0.021676 -0.030729 0.823111 0.680259 -0.404981 0.885189 0.228858
-0.003376 0.023667 -0.030772 0.848194 0.684958 -0.151128 0.962035 0.22718
-0.011096 0.023904 -0.048651 0.849002 0.74624 -0.415937 0.906705 0.069613
-0.003376 0.023667 -0.030772 0.377658 0.166102 -0.151128 0.962035 0.22718
-0.003879 0.026089 -0.048698 0.376174 0.222374 -0.155858 0.985412 0.067873
-0.011096 0.023904 -0.048651 0.344483 0.22363 -0.415937 0.906705 0.069613
-0.003376 0.023667 -0.030772 0.667155 0.151846 -0.151128 0.962035 0.22718
0.003493 0.023809 -0.030817 0.689114 0.150355 0.114048 0.967528 0.22541
-0.003879 0.026089 -0.048698 0.692005 0.21344 -0.155858 0.985412 0.067873
0.003493 0.023809 -0.030817 0.821472 0.86465 0.114048 0.967528 0.22541
0.003661 0.026244 -0.048747 0.824135 0.924734 0.115787 0.991058 0.066103
-0.003879 0.026089 -0.048698 0.795932 0.926335 -0.155858 0.985412 0.067873
0.003493 0.023809 -0.030817 0.689114 0.150355 0.114048 0.967528 0.22541
0.010146 0.022093 -0.030861 0.721352 0.150354 0.370891 0.901303 0.223762
0.003661 0.026244 -0.048747 0.719867 0.213442 0.115787 0.991058 0.066103
0.010146 0.022093 -0.030861 0.824953 0.754954 0.370891 0.901303 0.223762
0.010963 0.024361 -0.048795 0.823581 0.820944 0.378857 0.923185 0.064425
0.003661 0.026244 -0.048747 0.797892 0.809118 0.115787 0.991058 0.066103
0.010146 0.022093 -0.030861 0.82092 0.41 0.370891 0.901303 0.223762
0.01609 0.018645 -0.030899 0.844971 0.405802 0.60036 0.768181 0.222327
0.010963 0.024361 -0.048795 0.844972 0.472575 0.378857 0.923185 0.064425
0.01609 0.018645 -0.030899 0.160522 0.159674 0.60036 0.768181 0.222327
0.017486 0.020577 -0.048837 0.151092 0.222614 0.61388 0.786859 0.06296
0.010963 0.024361 -0.048795 0.118497 0.222382 0.378857 0.923185 0.064425
0.01609 0.018645 -0.030899 0.642725 0.150355 0.60036 0.768181 0.222327
0.020883 0.013722 -0.030929 0.667155 0.151846 0.785363 0.578082 0.221229
0.017486 0.020577 -0.048837 0.66567 0.213442 0.61388 0.786859 0.06296
0.020883 0.013722 -0.030929 0.766943 0.405804 0.785363 0.578082 0.221229
0.022747 0.015173 -0.04887 0.794778 0.469455 0.8034 0.592181 0.06183
0.017486 0.020577 -0.048837 0.768428 0.472575 0.61388 0.786859 0.06296
0.020883 0.013722 -0.030929 0.001497 0.177595 0.785363 0.578082 0.221229
0.02417 0.007687 -0.03095 0.022582 0.174992 0.912229 0.345164 0.220496
0.022747 0.015173 -0.04887 0.025159 0.238604 0.8034 0.592181 0.06183
0.02417 0.007687 -0.03095 0.75986 0.337547 0.912229 0.345164 0.220496
0.026355 0.008551 -0.048894 0.793052 0.398507 0.933378 0.353557 0.061098
0.022747 0.015173 -0.04887 0.766943 0.405804 0.8034 0.592181 0.06183
0.02417 0.007687 -0.03095 0.590076 0.150354 0.912229 0.345164 0.220496
0.025708 0.00099 -0.030959 0.618681 0.151845 0.971587 0.086581 0.220252
0.026355 0.008551 -0.048894 0.617196 0.211957 0.933378 0.353557 0.061098
0.025708 0.00099 -0.030959 0.795932 0.926335 0.971587 0.086581 0.220252
0.028042 0.001201 -0.048903 0.815764 0.988327 0.994171 0.088717 0.060823
0.026355 0.008551 -0.048894 0.791143 0.992931 0.933378 0.353557 0.061098
0.025708 0.00099 -0.030959 0.721352 0.150354 0.971587 0.086581 0.220252
0.02538 -0.005873 -0.030957 0.753838 0.149696 0.958922 -0.17835 0.220466
0.028042 0.001201 -0.048903 0.749213 0.213441 0.994171 0.088717 0.060823
0.02538 -0.005873 -0.030957 0.765032 0.933236 0.958922 -0.17835 0.220466
0.027684 -0.006333 -0.048901 0.791143 0.992931 0.981262 -0.182653 0.061068
0.028042 0.001201 -0.048903 0.766517 0.997534 0.994171 0.088717 0.060823
0.02538 -0.005873 -0.030957 0.78046 0.157005 0.958922 -0.17835 0.220466
0.023214 -0.012393 -0.030941 0.802947 0.149885 0.875301 -0.429975 0.221168
0.027684 -0.006333 -0.048901 0.80154 0.212923 0.981262 -0.182653 0.061068
0.023214 -0.012393 -0.030941 0.001497 0.242265 0.875301 -0.429975 0.221168
0.025306 -0.01349 -0.048884 0.026187 0.302969 0.895596 -0.440535 0.061739
0.027684 -0.006333 -0.048901 0.001497 0.30806 0.981262 -0.182653 0.061068
0.023214 -0.012393 -0.030941 0.844411 0.156778 0.875301 -0.429975 0.221168
0.019369 -0.018088 -0.030915 0.844411 0.156778 0.72689 -0.64977 0.222236
0.025306 -0.01349 -0.048884 0.8582 0.218965 0.895596 -0.440535 0.061739
0.019369 -0.018088 -0.030915 0.766937 0.598105 0.72689 -0.64977 0.222236
0.021086 -0.019739 -0.048855 0.788459 0.661268 0.743553 -0.6657 0.062868
0.025306 -0.01349 -0.048884 0.765987 0.674601 0.895596 -0.440535 0.061739
0.019369 -0.018088 -0.030915 0.818734 0.941619 0.72689 -0.64977 0.222236
0.014131 -0.022534 -0.030881 0.845484 0.928982 0.524613 -0.821406 0.223609
0.021086 -0.019739 -0.048855 0.848265 0.997331 0.743553 -0.6657 0.062868
0.014131 -0.022534 -0.030881 0.001497 0.30806 0.524613 -0.821406 0.223609
0.015335 -0.024619 -0.048818 0.026187 0.370737 0.536393 -0.841487 0.064272
0.021086 -0.019739 -0.048855 0.001497 0.375339 0.743553 -0.6657 0.062868
0.014131 -0.022534 -0.030881 0.440942 0.209924 0.524613 -0.821406 0.223609
0.007886 -0.025401 -0.030839 0.47181 0.202946 0.283578 -0.932096 0.225257
0.015335 -0.024619 -0.048818 0.466004 0.274468 0.536393 -0.841487 0.064272
0.007886 -0.025401 -0.030839 0.508876 0.191083 0.283578 -0.932096 0.225257
0.008483 -0.027767 -0.048772 0.565177 0.191083 0.289438 -0.954894 0.06595
0.015335 -0.024619 -0.048818 0.564713 0.217465 0.536393 -0.841487 0.064272
0.007886 -0.025401 -0.030839 0.443439 0.28011 0.283578 -0.932096 0.225257
0.0011 -0.026478 -0.030794 0.466004 0.274468 0.021668 -0.973632 0.226966
0.008483 -0.027767 -0.048772 0.460439 0.337556 0.289438 -0.954894 0.06595
0.0011 -0.026478 -0.030794 0.379143 0.197473 0.021668 -0.973632 0.226966
0.001034 -0.028948 -0.048723 0.440942 0.209924 0.021088 -0.997467 0.067721
0.008483 -0.027767 -0.048772 0.440942 0.209924 0.289438 -0.954894 0.06595
0.001093 -0.021507 -0.016038 0.903161 0.500817 0.021485 -0.897702 0.440016
-0.004388 -0.020869 -0.016002 0.92554 0.4923 -0.221412 -0.869442 0.441603
0.0011 -0.026478 -0.030794 0.921673 0.559351 0.021668 -0.973632 0.226966
-0.004388 -0.020869 -0.016002 0.892076 0.470189 -0.221412 -0.869442 0.441603
-0.005725 -0.025684 -0.03075 0.896696 0.525152 -0.241737 -0.942991 0.228675
0.0011 -0.026478 -0.030794 0.866019 0.521034 0.021668 -0.973632 0.226966
-0.004388 -0.020869 -0.016002 0.909307 0.812729 -0.221412 -0.869442 0.441603
-0.009495 -0.018775 -0.015968 0.909307 0.812729 -0.447676 -0.776696 0.443068
-0.005725 -0.025684 -0.03075 0.929208 0.867965 -0.241737 -0.942991 0.228675
-0.009495 -0.018775 -0.015968 0.846451 0.61671 -0.447676 -0.776696 0.443068
-0.012082 -0.023077 -0.030709 0.892408 0.615225 -0.487197 -0.842372 0.230232
-0.005725 -0.025684 -0.03075 0.896891 0.639378 -0.241737 -0.942991 0.228675
-0.009495 -0.018775 -0.015968 0.883043 0.278123 -0.447676 -0.776696 0.443068
-0.013848 -0.015382 -0.015941 0.901459 0.274753 -0.640553 -0.626362 0.444227
-0.012082 -0.023077 -0.030709 0.906311 0.339307 -0.487197 -0.842372 0.230232
-0.013848 -0.015382 -0.015941 0.643573 0.085672 -0.640553 -0.626362 0.444227
-0.017501 -0.018852 -0.030674 0.702897 0.087003 -0.696341 -0.679312 0.231513
-0.012082 -0.023077 -0.030709 0.700921 0.120568 -0.487197 -0.842372 0.230232
-0.013848 -0.015382 -0.015941 0.127297 0.108643 -0.640553 -0.626362 0.444227
-0.017124 -0.010939 -0.01592 0.153177 0.106547 -0.78573 -0.429487 0.445082
-0.017501 -0.018852 -0.030674 0.160522 0.159674 -0.696341 -0.679312 0.231513
-0.017124 -0.010939 -0.01592 0.001497 0.081444 -0.78573 -0.429487 0.445082
-0.021579 -0.013322 -0.030648 0.05368 0.089074 -0.853755 -0.465865 0.232459
-0.017501 -0.018852 -0.030674 0.055341 0.114712 -0.696341 -0.679312 0.231513
-0.017124 -0.010939 -0.01592 0.904071 0.749868 -0.78573 -0.429487 0.445082
-0.019079 -0.005779 -0.015908 0.938495 0.748183 -0.872402 -0.200842 0.44557
-0.021579 -0.013322 -0.030648 0.939229 0.803263 -0.853755 -0.465865 0.232459
-0.019079 -0.005779 -0.015908 0.863392 0.100659 -0.872402 -0.200842 0.44557
-0.024014 -0.006897 -0.030633 0.914725 0.100389 -0.947752 -0.217872 0.232948
-0.021579 -0.013322 -0.030648 0.92567 0.133651 -0.853755 -0.465865 0.232459
-0.019079 -0.005779 -0.015908 0.901459 0.274753 -0.872402 -0.200842 0.44557
-0.01957 -0.000282 -0.015905 0.923905 0.260028 -0.894162 0.042726 0.445631
-0.024014 -0.006897 -0.030633 0.906311 0.339307 -0.947752 -0.217872 0.232948
-0.01957 -0.000282 -0.015905 0.379527 0.086371 -0.894162 0.042726 0.445631
-0.024625 -5.3e-005 -0.03063 0.434234 0.084607 -0.971374 0.046327 0.232978
-0.024014 -0.006897 -0.030633 0.434249 0.108783 -0.947752 -0.217872 0.232948
-0.01957 -0.000282 -0.015905 0.903604 0.69315 -0.894162 0.042726 0.445631
-0.018559 0.005145 -0.015913 0.903604 0.69315 -0.849452 0.283181 0.445204
-0.024625 -5.3e-005 -0.03063 0.904071 0.749868 -0.971374 0.046327 0.232978
-0.018559 0.005145 -0.015913 0.899107 0.92451 -0.849452 0.283181 0.445204
-0.023366 0.006702 -0.030639 0.907584 0.978193 -0.922819 0.307138 0.23249
-0.024625 -5.3e-005 -0.03063 0.874554 0.976708 -0.971374 0.046327 0.232978
-0.018559 0.005145 -0.015913 0.906311 0.339307 -0.849452 0.283181 0.445204
-0.016122 0.010097 -0.015929 0.927642 0.335873 -0.741478 0.50267 0.444411
-0.023366 0.006702 -0.030639 0.933178 0.407542 -0.922819 0.307138 0.23249
-0.016122 0.010097 -0.015929 0.909307 0.812729 -0.741478 0.50267 0.444411
-0.020333 0.012867 -0.03066 0.898614 0.871523 -0.805719 0.545091 0.231605
-0.023366 0.006702 -0.030639 0.872795 0.861472 -0.922819 0.307138 0.23249
-0.016122 0.010097 -0.015929 0.289347 0.073212 -0.741478 0.50267 0.444411
-0.01244 0.014208 -0.015954 0.320264 0.077771 -0.578234 0.684927 0.443251
-0.020333 0.012867 -0.03066 0.325397 0.131359 -0.805719 0.545091 0.231605
-0.01244 0.014208 -0.015954 0.904071 0.749868 -0.578234 0.684927 0.443251
-0.015748 0.017985 -0.03069 0.909307 0.812729 -0.628742 0.742668 0.230384
-0.020333 0.012867 -0.03066 0.87386 0.802841 -0.805719 0.545091 0.231605
-0.01244 0.014208 -0.015954 0.919685 0.631069 -0.578234 0.684927 0.443251
-0.007784 0.017172 -0.015984 0.94133 0.627694 -0.371929 0.81634 0.441847
-0.015748 0.017985 -0.03069 0.937689 0.693474 -0.628742 0.742668 0.230384
-0.007784 0.017172 -0.015984 0.903604 0.69315 -0.371929 0.81634 0.441847
-0.009952 0.021676 -0.030729 0.904071 0.749868 -0.404981 0.885189 0.228858
-0.015748 0.017985 -0.03069 0.872247 0.735557 -0.628742 0.742668 0.230384
-0.007784 0.017172 -0.015984 0.92616 0.07114 -0.371929 0.81634 0.441847
-0.002502 0.018771 -0.016019 0.92616 0.07114 -0.137791 0.887204 0.440291
-0.009952 0.021676 -0.030729 0.92567 0.133651 -0.404981 0.885189 0.228858
-0.002502 0.018771 -0.016019 0.906311 0.339307 -0.137791 0.887204 0.440291
-0.003376 0.023667 -0.030772 0.891486 0.396818 -0.151128 0.962035 0.22718
-0.009952 0.021676 -0.030729 0.869022 0.387685 -0.404981 0.885189 0.228858
-0.002502 0.018771 -0.016019 0.902859 0.163626 -0.137791 0.887204 0.440291
0.003016 0.018885 -0.016055 0.92415 0.155358 0.106662 0.89227 0.438673
-0.003376 0.023667 -0.030772 0.924768 0.228414 -0.151128 0.962035 0.22718
0.003016 0.018885 -0.016055 0.902859 0.163626 0.106662 0.89227 0.438673
0.003493 0.023809 -0.030817 0.901374 0.213603 0.114048 0.967528 0.22541
-0.003376 0.023667 -0.030772 0.875344 0.21477 -0.151128 0.962035 0.22718
0.003016 0.018885 -0.016055 0.920113 0.920319 0.106662 0.89227 0.438673
0.00836 0.017507 -0.01609 0.940014 0.921425 0.343516 0.831172 0.437178
0.003493 0.023809 -0.030817 0.942175 0.972096 0.114048 0.967528 0.22541
0.00836 0.017507 -0.01609 0.898614 0.871523 0.343516 0.831172 0.437178
0.010146 0.022093 -0.030861 0.899107 0.92451 0.370891 0.901303 0.223762
0.003493 0.023809 -0.030817 0.873718 0.924788 0.114048 0.967528 0.22541
0.00836 0.017507 -0.01609 0.903604 0.69315 0.343516 0.831172 0.437178
0.013134 0.014738 -0.016121 0.937689 0.693474 0.555132 0.708396 0.435835
0.010146 0.022093 -0.030861 0.938495 0.748183 0.370891 0.901303 0.223762
0.013134 0.014738 -0.016121 0.893488 0.41724 0.555132 0.708396 0.435835
0.01609 0.018645 -0.030899 0.892076 0.470189 0.60036 0.768181 0.222327
0.010146 0.022093 -0.030861 0.866019 0.469865 0.370891 0.901303 0.223762
0.013134 0.014738 -0.016121 0.916056 0.420159 0.555132 0.708396 0.435835
0.016984 0.010783 -0.016146 0.933178 0.407542 0.725761 0.533097 0.434797
0.01609 0.018645 -0.030899 0.934474 0.458705 0.60036 0.768181 0.222327
0.016984 0.010783 -0.016146 0.860368 0.273555 0.725761 0.533097 0.434797
0.020883 0.013722 -0.030929 0.880073 0.318269 0.785363 0.578082 0.221229
0.01609 0.018645 -0.030899 0.857509 0.326661 0.60036 0.768181 0.222327
0.016984 0.010783 -0.016146 0.909307 0.812729 0.725761 0.533097 0.434797
0.019624 0.005937 -0.016162 0.939229 0.803263 0.842677 0.318369 0.434156
0.020883 0.013722 -0.030929 0.929208 0.867965 0.785363 0.578082 0.221229
0.019624 0.005937 -0.016162 0.844971 0.405802 0.842677 0.318369 0.434156
0.02417 0.007687 -0.03095 0.866019 0.469865 0.912229 0.345164 0.220496
0.020883 0.013722 -0.030929 0.844972 0.472575 0.785363 0.578082 0.221229
0.019624 0.005937 -0.016162 0.904071 0.749868 0.842677 0.318369 0.434156
0.020859 0.000557 -0.016169 0.904071 0.749868 0.897397 0.079928 0.433882
0.02417 0.007687 -0.03095 0.909307 0.812729 0.912229 0.345164 0.220496
0.020859 0.000557 -0.016169 0.849666 0.864931 0.897397 0.079928 0.433882
0.025708 0.00099 -0.030959 0.873718 0.924788 0.971587 0.086581 0.220252
0.02417 0.007687 -0.03095 0.845484 0.928982 0.912229 0.345164 0.220496
0.020859 0.000557 -0.016169 0.901679 0.583918 0.897397 0.079928 0.433882
0.020597 -0.004955 -0.016167 0.921673 0.559351 0.885739 -0.164434 0.434065
0.025708 0.00099 -0.030959 0.919685 0.631069 0.971587 0.086581 0.220252
0.020597 -0.004955 -0.016167 0.848194 0.684958 0.885739 -0.164434 0.434065
0.02538 -0.005873 -0.030957 0.872247 0.735557 0.958922 -0.17835 0.220466
0.025708 0.00099 -0.030959 0.849002 0.74624 0.971587 0.086581 0.220252
0.020597 -0.004955 -0.016167 0.893488 0.41724 0.885739 -0.164434 0.434065
0.018856 -0.010193 -0.016156 0.933178 0.407542 0.808618 -0.396435 0.434675
0.02538 -0.005873 -0.030957 0.913087 0.468704 0.958922 -0.17835 0.220466
0.018856 -0.010193 -0.016156 0.849002 0.74624 0.808618 -0.396435 0.434675
0.023214 -0.012393 -0.030941 0.87386 0.802841 0.875301 -0.429975 0.221168
0.02538 -0.005873 -0.030957 0.84981 0.81204 0.958922 -0.17835 0.220466
0.018856 -0.010193 -0.016156 0.781205 0.085431 0.808618 -0.396435 0.434675
0.015768 -0.014768 -0.016134 0.804212 0.092228 0.671743 -0.599109 0.435652
0.023214 -0.012393 -0.030941 0.802947 0.149885 0.875301 -0.429975 0.221168
0.015768 -0.014768 -0.016134 0.844411 0.156778 0.671743 -0.599109 0.435652
0.019369 -0.018088 -0.030915 0.875344 0.21477 0.72689 -0.64977 0.222236
0.023214 -0.012393 -0.030941 0.8582 0.218965 0.875301 -0.429975 0.221168
0.015768 -0.014768 -0.016134 0.899107 0.92451 0.671743 -0.599109 0.435652
0.011559 -0.018339 -0.016106 0.920113 0.920319 0.485214 -0.757378 0.436933
0.019369 -0.018088 -0.030915 0.907584 0.978193 0.72689 -0.64977 0.222236
0.011559 -0.018339 -0.016106 0.84497 0.33902 0.485214 -0.757378 0.436933
0.014131 -0.022534 -0.030881 0.869022 0.387685 0.524613 -0.821406 0.223609
0.019369 -0.018088 -0.030915 0.844971 0.405802 0.72689 -0.64977 0.222236
0.011559 -0.018339 -0.016106 0.906311 0.339307 0.485214 -0.757378 0.436933
0.006544 -0.020642 -0.016073 0.927642 0.335873 0.263009 -0.859401 0.438429
0.014131 -0.022534 -0.030881 0.913079 0.394316 0.524613 -0.821406 0.223609
0.006544 -0.020642 -0.016073 0.58982 0.096414 0.263009 -0.859401 0.438429
0.007886 -0.025401 -0.030839 0.643573 0.085672 0.283578 -0.932096 0.225257
0.014131 -0.022534 -0.030881 0.642232 0.120568 0.524613 -0.821406 0.223609
0.006544 -0.020642 -0.016073 0.702897 0.087003 0.263009 -0.859401 0.438429
0.001093 -0.021507 -0.016038 0.72594 0.088383 0.021485 -0.897702 0.440016
0.007886 -0.025401 -0.030839 0.721352 0.150354 0.283578 -0.932096 0.225257
0.001093 -0.021507 -0.016038 0.72594 0.088383 0.021485 -0.897702 0.440016
0.0011 -0.026478 -0.030794 0.781205 0.085431 0.021668 -0.973632 0.226966
0.007886 -0.025401 -0.030839 0.781937 0.120548 0.283578 -0.932096 0.225257
0.001015 -0.014379 -0.005546 0.160522 0.159674 0.018616 -0.661122 0.750023
-0.002541 -0.013965 -0.005523 0.160522 0.159674 -0.160283 -0.640278 0.751183
0.001093 -0.021507 -0.016038 0.167868 0.200692 0.021485 -0.897702 0.440016
-0.002541 -0.013965 -0.005523 0.907584 0.978193 -0.160283 -0.640278 0.751183
-0.004388 -0.020869 -0.016002 0.942175 0.972096 -0.221412 -0.869442 0.441603
0.001093 -0.021507 -0.016038 0.942183 0.994626 0.021485 -0.897702 0.440016
-0.002541 -0.013965 -0.005523 0.717409 0.042108 -0.160283 -0.640278 0.751183
-0.005852 -0.012607 -0.005501 0.717409 0.042108 -0.326975 -0.571947 0.752281
-0.004388 -0.020869 -0.016002 0.72594 0.088383 -0.221412 -0.869442 0.441603
-0.005852 -0.012607 -0.005501 0.225775 0.027548 -0.326975 -0.571947 0.752281
-0.009495 -0.018775 -0.015968 0.272564 0.043012 -0.447676 -0.776696 0.443068
-0.004388 -0.020869 -0.016002 0.272564 0.043012 -0.221412 -0.869442 0.441603
-0.005852 -0.012607 -0.005501 0.991074 0.160317 -0.326975 -0.571947 0.752281
-0.008674 -0.010407 -0.005483 0.991074 0.160317 -0.468947 -0.461318 0.753136
-0.009495 -0.018775 -0.015968 0.996634 0.202695 -0.447676 -0.776696 0.443068
-0.008674 -0.010407 -0.005483 0.582729 0.023189 -0.468947 -0.461318 0.753136
-0.013848 -0.015382 -0.015941 0.633931 0.048815 -0.640553 -0.626362 0.444227
-0.009495 -0.018775 -0.015968 0.633931 0.048815 -0.447676 -0.776696 0.443068
-0.008674 -0.010407 -0.005483 0.444905 0.014282 -0.468947 -0.461318 0.753136
-0.010799 -0.007526 -0.005469 0.444905 0.014282 -0.575854 -0.316355 0.753838
-0.013848 -0.015382 -0.015941 0.45395 0.069165 -0.640553 -0.626362 0.444227
-0.010799 -0.007526 -0.005469 0.84496 0.595823 -0.575854 -0.316355 0.753838
-0.017124 -0.010939 -0.01592 0.888335 0.595566 -0.78573 -0.429487 0.445082
-0.013848 -0.015382 -0.015941 0.892408 0.615225 -0.640553 -0.626362 0.444227
-0.010799 -0.007526 -0.005469 0.153177 0.106547 -0.575854 -0.316355 0.753838
-0.012067 -0.004179 -0.005461 0.168913 0.101521 -0.63979 -0.14774 0.754173
-0.017124 -0.010939 -0.01592 0.160522 0.159674 -0.78573 -0.429487 0.445082
-0.012067 -0.004179 -0.005461 0.717409 0.042108 -0.63979 -0.14774 0.754173
-0.019079 -0.005779 -0.015908 0.772424 0.048767 -0.872402 -0.200842 0.44557
-0.017124 -0.010939 -0.01592 0.772424 0.048767 -0.78573 -0.429487 0.445082
-0.012067 -0.004179 -0.005461 0.989693 0.919626 -0.63979 -0.14774 0.754173
-0.012385 -0.000615 -0.00546 0.989693 0.919626 -0.655812 0.031556 0.754234
-0.019079 -0.005779 -0.015908 0.989693 0.964555 -0.872402 -0.200842 0.44557
-0.012385 -0.000615 -0.00546 0.990085 0.506807 -0.655812 0.031556 0.754234
-0.01957 -0.000282 -0.015905 0.990085 0.54918 -0.894162 0.042726 0.445631
-0.019079 -0.005779 -0.015908 0.963384 0.541484 -0.872402 -0.200842 0.44557
-0.012385 -0.000615 -0.00546 0.672375 0.013423 -0.655812 0.031556 0.754234
-0.01173 0.002904 -0.005465 0.672375 0.013423 -0.622883 0.208625 0.75396
-0.01957 -0.000282 -0.015905 0.67386 0.055098 -0.894162 0.042726 0.445631
-0.01173 0.002904 -0.005465 0.989873 0.27892 -0.622883 0.208625 0.75396
-0.018559 0.005145 -0.015913 0.989873 0.332752 -0.849452 0.283181 0.445204
-0.01957 -0.000282 -0.015905 0.963169 0.318791 -0.894162 0.042726 0.445631
-0.01173 0.002904 -0.005465 0.990085 0.506807 -0.622883 0.208625 0.75396
-0.01015 0.006115 -0.005476 0.990085 0.506807 -0.543321 0.370342 0.75338
-0.018559 0.005145 -0.015913 0.990085 0.54918 -0.849452 0.283181 0.445204
-0.01015 0.006115 -0.005476 0.181695 0.01667 -0.543321 0.370342 0.75338
-0.016122 0.010097 -0.015929 0.176609 0.060028 -0.741478 0.50267 0.444411
-0.018559 0.005145 -0.015913 0.156183 0.057119 -0.849452 0.283181 0.445204
-0.01015 0.006115 -0.005476 0.988911 0.693993 -0.543321 0.370342 0.75338
-0.007761 0.008781 -0.005492 0.988911 0.693993 -0.423139 0.504501 0.752586
-0.016122 0.010097 -0.015929 0.992302 0.750216 -0.741478 0.50267 0.444411
-0.007761 0.008781 -0.005492 0.293311 0.016253 -0.423139 0.504501 0.752586
-0.01244 0.014208 -0.015954 0.289347 0.073212 -0.578234 0.684927 0.443251
-0.016122 0.010097 -0.015929 0.272564 0.043012 -0.741478 0.50267 0.444411
-0.007761 0.008781 -0.005492 0.992302 0.750216 -0.423139 0.504501 0.752586
-0.004743 0.010703 -0.005511 0.992302 0.750216 -0.271187 0.601276 0.751579
-0.01244 0.014208 -0.015954 0.990247 0.803417 -0.578234 0.684927 0.443251
-0.004743 0.010703 -0.005511 0.986416 0.627121 -0.271187 0.601276 0.751579
-0.007784 0.017172 -0.015984 0.976117 0.67176 -0.371929 0.81634 0.441847
-0.01244 0.014208 -0.015954 0.976117 0.67176 -0.578234 0.684927 0.443251
-0.004743 0.010703 -0.005511 0.891486 0.396818 -0.271187 0.601276 0.751579
-0.001317 0.011741 -0.005534 0.893488 0.41724 -0.098758 0.653554 0.750359
-0.007784 0.017172 -0.015984 0.844971 0.405802 -0.371929 0.81634 0.441847
-0.001317 0.011741 -0.005534 0.912476 0.011052 -0.098758 0.653554 0.750359
-0.002502 0.018771 -0.016019 0.915168 0.04864 -0.137791 0.887204 0.440291
-0.007784 0.017172 -0.015984 0.893562 0.062679 -0.371929 0.81634 0.441847
-0.001317 0.011741 -0.005534 0.528024 0.00704497 -0.098758 0.653554 0.750359
0.002261 0.011814 -0.005557 0.528024 0.00704497 0.081301 0.657247 0.749229
-0.002502 0.018771 -0.016019 0.480582 0.014674 -0.137791 0.887204 0.440291
0.002261 0.011814 -0.005557 0.672375 0.013423 0.081301 0.657247 0.749229
0.003016 0.018885 -0.016055 0.67386 0.055098 0.106662 0.89227 0.438673
-0.002502 0.018771 -0.016019 0.646354 0.056584 -0.137791 0.887204 0.440291
0.002261 0.011814 -0.005557 0.322618 0.012609 0.081301 0.657247 0.749229
0.005727 0.010921 -0.00558 0.322618 0.012609 0.255867 0.612232 0.7481
0.003016 0.018885 -0.016055 0.27365 0.017784 0.106662 0.89227 0.438673
0.005727 0.010921 -0.00558 0.987629 0.581787 0.255867 0.612232 0.7481
0.00836 0.017507 -0.01609 0.986416 0.627121 0.343516 0.831172 0.437178
0.003016 0.018885 -0.016055 0.966017 0.623649 0.106662 0.89227 0.438673
0.005727 0.010921 -0.00558 0.869637 0.672918 0.255867 0.612232 0.7481
0.008823 0.009125 -0.0056 0.869637 0.672918 0.411695 0.521805 0.747093
0.00836 0.017507 -0.01609 0.823111 0.680259 0.343516 0.831172 0.437178
0.008823 0.009125 -0.0056 0.027308 0.00815701 0.411695 0.521805 0.747093
0.013134 0.014738 -0.016121 0.012756 0.059948 0.555132 0.708396 0.435835
0.00836 0.017507 -0.01609 0.012756 0.059948 0.343516 0.831172 0.437178
0.008823 0.009125 -0.0056 0.992195 0.824113 0.411695 0.521805 0.747093
0.011319 0.006561 -0.005616 0.992195 0.824113 0.537339 0.392712 0.74633
0.013134 0.014738 -0.016121 0.991622 0.869964 0.555132 0.708396 0.435835
0.011319 0.006561 -0.005616 0.159853 0.00780702 0.537339 0.392712 0.74633
0.016984 0.010783 -0.016146 0.156183 0.057119 0.725761 0.533097 0.434797
0.013134 0.014738 -0.016121 0.127739 0.069885 0.555132 0.708396 0.435835
0.011319 0.006561 -0.005616 0.990381 0.075473 0.537339 0.392712 0.74633
0.013031 0.003418 -0.005627 0.990381 0.075473 0.623463 0.234535 0.745811
0.016984 0.010783 -0.016146 0.990669 0.125786 0.725761 0.533097 0.434797
0.013031 0.003418 -0.005627 0.701412 0.013924 0.623463 0.234535 0.745811
0.019624 0.005937 -0.016162 0.701412 0.065209 0.842677 0.318369 0.434156
0.016984 0.010783 -0.016146 0.67386 0.055098 0.725761 0.533097 0.434797
0.013031 0.003418 -0.005627 0.0488 0.00929499 0.623463 0.234535 0.745811
0.013832 -7.1e-005 -0.005632 0.0488 0.00929499 0.663747 0.058931 0.745598
0.019624 0.005937 -0.016162 0.043005 0.050536 0.842677 0.318369 0.434156
0.013832 -7.1e-005 -0.005632 0.480582 0.014674 0.663747 0.058931 0.745598
0.020859 0.000557 -0.016169 0.480582 0.058618 0.897397 0.079928 0.433882
0.019624 0.005937 -0.016162 0.45395 0.069165 0.842677 0.318369 0.434156
0.013832 -7.1e-005 -0.005632 0.989873 0.27892 0.663747 0.058931 0.745598
0.013662 -0.003646 -0.00563 0.989873 0.27892 0.655171 -0.121067 0.745689
0.020859 0.000557 -0.016169 0.989873 0.332752 0.897397 0.079928 0.433882
0.013662 -0.003646 -0.00563 0.990381 0.075473 0.655171 -0.121067 0.745689
0.020597 -0.004955 -0.016167 0.990669 0.125786 0.885739 -0.164434 0.434065
0.020859 0.000557 -0.016169 0.965454 0.123141 0.897397 0.079928 0.433882
0.013662 -0.003646 -0.00563 0.984531 0.023909 0.655171 -0.121067 0.745689
0.012533 -0.007043 -0.005622 0.984531 0.023909 0.598315 -0.292001 0.746117
0.020597 -0.004955 -0.016167 0.990381 0.075473 0.885739 -0.164434 0.434065
0.012533 -0.007043 -0.005622 0.989693 0.919626 0.598315 -0.292001 0.746117
0.018856 -0.010193 -0.016156 0.989693 0.964555 0.808618 -0.396435 0.434675
0.020597 -0.004955 -0.016167 0.962992 0.956204 0.885739 -0.164434 0.434065
0.012533 -0.007043 -0.005622 0.991622 0.869964 0.598315 -0.292001 0.746117
0.01053 -0.010008 -0.005609 0.991622 0.869964 0.497574 -0.441145 0.746818
0.018856 -0.010193 -0.016156 0.989693 0.919626 0.808618 -0.396435 0.434675
0.01053 -0.010008 -0.005609 0.800873 0.033307 0.497574 -0.441145 0.746818
0.015768 -0.014768 -0.016134 0.803053 0.069524 0.671743 -0.599109 0.435652
0.018856 -0.010193 -0.016156 0.781205 0.085431 0.808618 -0.396435 0.434675
0.01053 -0.010008 -0.005609 0.027308 0.00815701 0.497574 -0.441145 0.746818
0.007802 -0.012324 -0.00559 0.027308 0.00815701 0.36021 -0.557665 0.747795
0.015768 -0.014768 -0.016134 0.043005 0.050536 0.671743 -0.599109 0.435652
0.007802 -0.012324 -0.00559 0.126248 0.024825 0.36021 -0.557665 0.747795
0.011559 -0.018339 -0.016106 0.127739 0.069885 0.485214 -0.757378 0.436933
0.015768 -0.014768 -0.016134 0.106592 0.066012 0.671743 -0.599109 0.435652
0.007802 -0.012324 -0.00559 0.604772 0.237831 0.36021 -0.557665 0.747795
0.004549 -0.013818 -0.005569 0.604772 0.237831 0.196478 -0.632923 0.748833
0.011559 -0.018339 -0.016106 0.607522 0.280209 0.485214 -0.757378 0.436933
0.004549 -0.013818 -0.005569 0.184665 0.040372 0.196478 -0.632923 0.748833
0.006544 -0.020642 -0.016073 0.225775 0.027548 0.263009 -0.859401 0.438429
0.011559 -0.018339 -0.016106 0.22772 0.05982 0.485214 -0.757378 0.436933
0.004549 -0.013818 -0.005569 0.984329 0.229346 0.196478 -0.632923 0.748833
0.001015 -0.014379 -0.005546 0.984329 0.229346 0.018616 -0.661122 0.750023
0.006544 -0.020642 -0.016073 0.989873 0.27892 0.263009 -0.859401 0.438429
0.001015 -0.014379 -0.005546 0.869637 0.672918 0.018616 -0.661122 0.750023
0.001093 -0.021507 -0.016038 0.907923 0.666038 0.021485 -0.897702 0.440016
0.006544 -0.020642 -0.016073 0.903604 0.69315 0.263009 -0.859401 0.438429
-0.002541 -0.013965 -0.005523 0.933178 0.407542 -0.160283 -0.640278 0.751183
0.001015 -0.014379 -0.005546 0.933178 0.407542 0.018616 -0.661122 0.750023
0.000782 -0.001237 0.000593 0.891486 0.396818 0.006531 0.000183 0.999969
-0.005852 -0.012607 -0.005501 0.582729 0.023189 -0.326975 -0.571947 0.752281
-0.002541 -0.013965 -0.005523 0.582729 0.023189 -0.160283 -0.640278 0.751183
0.000782 -0.001237 0.000593 0.530731 0.03639 0.006531 0.000183 0.999969
-0.008674 -0.010407 -0.005483 0.887854 0.00240803 -0.468947 -0.461318 0.753136
-0.005852 -0.012607 -0.005501 0.879573 0.015925 -0.326975 -0.571947 0.752281
0.000782 -0.001237 0.000593 0.832794 0.010553 0.006531 0.000183 0.999969
-0.010799 -0.007526 -0.005469 0.063581 0.040336 -0.575854 -0.316355 0.753838
-0.008674 -0.010407 -0.005483 0.057937 0.025637 -0.468947 -0.461318 0.753136
0.000782 -0.001237 0.000593 0.105107 0.031502 0.006531 0.000183 0.999969
-0.012067 -0.004179 -0.005461 0.777738 0.00834697 -0.63979 -0.14774 0.754173
-0.010799 -0.007526 -0.005469 0.777738 0.00834697 -0.575854 -0.316355 0.753838
0.000782 -0.001237 0.000593 0.832794 0.010553 0.006531 0.000183 0.999969
-0.012385 -0.000615 -0.00546 0.719331 0.016152 -0.655812 0.031556 0.754234
-0.012067 -0.004179 -0.005461 0.719331 0.016152 -0.63979 -0.14774 0.754173
0.000782 -0.001237 0.000593 0.765776 0.027879 0.006531 0.000183 0.999969
-0.01173 0.002904 -0.005465 0.225775 0.027548 -0.622883 0.208625 0.75396
-0.012385 -0.000615 -0.00546 0.225775 0.027548 -0.655812 0.031556 0.754234
0.000782 -0.001237 0.000593 0.272564 0.043012 0.006531 0.000183 0.999969
-0.01015 0.006115 -0.005476 0.159853 0.00780702 -0.543321 0.370342 0.75338
-0.01173 0.002904 -0.005465 0.159853 0.00780702 -0.622883 0.208625 0.75396
0.000782 -0.001237 0.000593 0.21839 0.00917798 0.006531 0.000183 0.999969
-0.007761 0.008781 -0.005492 0.242822 0.280436 -0.423139 0.504501 0.752586
-0.01015 0.006115 -0.005476 0.227296 0.272627 -0.543321 0.370342 0.75338
0.000782 -0.001237 0.000593 0.233161 0.233719 0.006531 0.000183 0.999969
-0.004743 0.010703 -0.005511 0.942183 0.994626 -0.271187 0.601276 0.751579
-0.007761 0.008781 -0.005492 0.942175 0.972096 -0.423139 0.504501 0.752586
0.000782 -0.001237 0.000593 0.992257 0.991405 0.006531 0.000183 0.999969
-0.001317 0.011741 -0.005534 0.530731 0.03639 -0.098758 0.653554 0.750359
-0.004743 0.010703 -0.005511 0.528024 0.00704497 -0.271187 0.601276 0.751579
0.000782 -0.001237 0.000593 0.582729 0.023189 0.006531 0.000183 0.999969
0.002261 0.011814 -0.005557 0.225775 0.027548 0.081301 0.657247 0.749229
-0.001317 0.011741 -0.005534 0.21839 0.00917798 -0.098758 0.653554 0.750359
0.000782 -0.001237 0.000593 0.27365 0.017784 0.006531 0.000183 0.999969
0.005727 0.010921 -0.00558 0.322618 0.012609 0.255867 0.612232 0.7481
0.002261 0.011814 -0.005557 0.322618 0.012609 0.081301 0.657247 0.749229
0.000782 -0.001237 0.000593 0.376576 0.025659 0.006531 0.000183 0.999969
0.008823 0.009125 -0.0056 0.057937 0.025637 0.411695 0.521805 0.747093
0.005727 0.010921 -0.00558 0.0488 0.00929499 0.255867 0.612232 0.7481
0.000782 -0.001237 0.000593 0.105107 0.031502 0.006531 0.000183 0.999969
0.011319 0.006561 -0.005616 0.633304 0.022061 0.537339 0.392712 0.74633
0.008823 0.009125 -0.0056 0.633304 0.022061 0.411695 0.521805 0.747093
0.000782 -0.001237 0.000593 0.582729 0.023189 0.006531 0.000183 0.999969
0.013031 0.003418 -0.005627 0.990247 0.803417 0.623463 0.234535 0.745811
0.011319 0.006561 -0.005616 0.990247 0.803417 0.537339 0.392712 0.74633
0.000782 -0.001237 0.000593 0.939229 0.803263 0.006531 0.000183 0.999969
0.013832 -7.1e-005 -0.005632 0.444905 0.014282 0.663747 0.058931 0.745598
0.013031 0.003418 -0.005627 0.444905 0.014282 0.623463 0.234535 0.745811
0.000782 -0.001237 0.000593 0.389882 0.012339 0.006531 0.000183 0.999969
0.013662 -0.003646 -0.00563 0.989873 0.332752 0.655171 -0.121067 0.745689
0.013832 -7.1e-005 -0.005632 0.982389 0.350748 0.663747 0.058931 0.745598
0.000782 -0.001237 0.000593 0.927642 0.335873 0.006531 0.000183 0.999969
0.012533 -0.007043 -0.005622 0.633304 0.022061 0.598315 -0.292001 0.746117
0.013662 -0.003646 -0.00563 0.633304 0.022061 0.655171 -0.121067 0.745689
0.000782 -0.001237 0.000593 0.582729 0.023189 0.006531 0.000183 0.999969
0.01053 -0.010008 -0.005609 0.988911 0.693993 0.497574 -0.441145 0.746818
0.012533 -0.007043 -0.005622 0.988911 0.693993 0.598315 -0.292001 0.746117
0.000782 -0.001237 0.000593 0.937689 0.693474 0.006531 0.000183 0.999969
0.007802 -0.012324 -0.00559 0.376576 0.025659 0.36021 -0.557665 0.747795
0.01053 -0.010008 -0.005609 0.376576 0.025659 0.497574 -0.441145 0.746818
0.000782 -0.001237 0.000593 0.322618 0.012609 0.006531 0.000183 0.999969
0.004549 -0.013818 -0.005569 0.894898 0.556719 0.196478 -0.632923 0.748833
0.007802 -0.012324 -0.00559 0.894898 0.556719 0.36021 -0.557665 0.747795
0.000782 -0.001237 0.000593 0.846438 0.552339 0.006531 0.000183 0.999969
0.001015 -0.014379 -0.005546 0.765776 0.027879 0.018616 -0.661122 0.750023
0.004549 -0.013818 -0.005569 0.765776 0.027879 0.196478 -0.632923 0.748833
0.000782 -0.001237 0.000593 0.719331 0.016152 0.006531 0.000183 0.999969
0.022386 -0.016642 -0.17674 0.056631 0.9937 0.801172 -0.494705 -0.33668
0.026703 -0.000724 -0.17677 0.001485 0.989193 0.940519 0.019532 -0.339091
0.029574 -0.000667 -0.078261 0.053067 0.666731 0.999359 0.020692 -0.029115
0.025257 -0.016584 -0.07823 0.28057 0.671104 0.853114 -0.521104 -0.024537
0.022386 -0.016642 -0.17674 0.227955 0.998515 0.801172 -0.494705 -0.33668
0.029574 -0.000667 -0.078261 0.22647 0.672881 0.999359 0.020692 -0.029115
0.010148 -0.027699 -0.176658 0.339627 0.998515 0.405927 -0.852138 -0.33018
0.022386 -0.016642 -0.17674 0.284582 0.988635 0.801172 -0.494705 -0.33668
0.025257 -0.016584 -0.07823 0.339627 0.666156 0.853114 -0.521104 -0.024537
0.013019 -0.027641 -0.078149 0.395124 0.671095 0.437391 -0.899167 -0.012207
0.010148 -0.027699 -0.176658 0.339627 0.998515 0.405927 -0.852138 -0.33018
0.025257 -0.016584 -0.07823 0.339627 0.666156 0.853114 -0.521104 -0.024537
-0.006125 -0.030384 -0.176552 0.565814 0.998515 -0.119877 -0.939207 -0.321726
0.010148 -0.027699 -0.176658 0.509336 0.993438 0.405927 -0.852138 -0.33018
0.013019 -0.027641 -0.078149 0.565814 0.665872 0.437391 -0.899167 -0.012207
-0.003254 -0.030326 -0.078042 0.620855 0.670949 -0.11774 -0.993011 0.003998
-0.006125 -0.030384 -0.176552 0.565814 0.998515 -0.119877 -0.939207 -0.321726
0.013019 -0.027641 -0.078149 0.565814 0.665872 0.437391 -0.899167 -0.012207
-0.021266 -0.023845 -0.176453 0.509336 0.993438 -0.609424 -0.728019 -0.313913
-0.006125 -0.030384 -0.176552 0.45284 0.993486 -0.119877 -0.939207 -0.321726
-0.003254 -0.030326 -0.078042 0.507349 0.665922 -0.11774 -0.993011 0.003998
-0.018395 -0.023788 -0.077943 0.226476 0.344079 -0.636464 -0.77105 0.018983
-0.021266 -0.023845 -0.176453 0.169879 0.671557 -0.609424 -0.728019 -0.313913
-0.003254 -0.030326 -0.078042 0.17146 0.333044 -0.11774 -0.993011 0.003998
-0.030469 -0.010157 -0.176395 0.113207 0.998515 -0.907041 -0.285531 -0.309336
-0.021266 -0.023845 -0.176453 0.056631 0.9937 -0.609424 -0.728019 -0.313913
-0.018395 -0.023788 -0.077943 0.112529 0.666413 -0.636464 -0.77105 0.018983
-0.027598 -0.0101 -0.077886 0.169879 0.671557 -0.952696 -0.302591 0.027924
-0.030469 -0.010157 -0.176395 0.113207 0.998515 -0.907041 -0.285531 -0.309336
-0.018395 -0.023788 -0.077943 0.112529 0.666413 -0.636464 -0.77105 0.018983
-0.030811 0.006331 -0.176395 0.45284 0.993486 -0.918119 0.247658 -0.309305
-0.030469 -0.010157 -0.176395 0.397641 0.989525 -0.907041 -0.285531 -0.309336
-0.027598 -0.0101 -0.077886 0.449702 0.666613 -0.952696 -0.302591 0.027924
-0.02794 0.00639 -0.077886 0.22647 0.672881 -0.964415 0.262825 0.027955
-0.030811 0.006331 -0.176395 0.171268 0.998515 -0.918119 0.247658 -0.309305
-0.027598 -0.0101 -0.077886 0.169879 0.671557 -0.952696 -0.302591 0.027924
-0.022184 0.020389 -0.176453 0.395124 0.671095 -0.639088 0.702139 -0.313913
-0.030811 0.006331 -0.176395 0.339627 0.666156 -0.918119 0.247658 -0.309305
-0.02794 0.00639 -0.077886 0.341615 0.337771 -0.964415 0.262825 0.027955
-0.019313 0.020446 -0.077944 0.512125 0.339041 -0.667898 0.74398 0.019013
-0.022184 0.020389 -0.176453 0.507349 0.665922 -0.639088 0.702139 -0.313913
-0.02794 0.00639 -0.077886 0.460439 0.337556 -0.964415 0.262825 0.027955
-0.007327 0.02755 -0.176551 0.680682 0.668776 -0.158696 0.933439 -0.321665
-0.022184 0.020389 -0.176453 0.620855 0.670949 -0.639088 0.702139 -0.313913
-0.019313 0.020446 -0.077944 0.627557 0.339024 -0.667898 0.74398 0.019013
-0.004455 0.027607 -0.078041 0.627557 0.339024 -0.158788 0.987274 0.004028
-0.007327 0.02755 -0.176551 0.620855 0.670949 -0.158696 0.933439 -0.321665
-0.019313 0.020446 -0.077944 0.56677 0.337528 -0.667898 0.74398 0.019013
0.009043 0.025542 -0.176658 0.738115 0.668776 0.370281 0.868221 -0.33018
-0.007327 0.02755 -0.176551 0.680682 0.668776 -0.158696 0.933439 -0.321665
-0.004455 0.027607 -0.078041 0.690395 0.339036 -0.158788 0.987274 0.004028
0.011915 0.025599 -0.078149 0.738115 0.668776 0.399731 0.916532 -0.012177
0.009043 0.025542 -0.176658 0.733522 0.998515 0.370281 0.868221 -0.33018
-0.004455 0.027607 -0.078041 0.680682 0.668776 -0.158788 0.987274 0.004028
0.021729 0.015001 -0.176739 0.565814 0.665872 0.779962 0.527512 -0.33665
0.009043 0.025542 -0.176658 0.507349 0.665922 0.370281 0.868221 -0.33018
0.011915 0.025599 -0.078149 0.512125 0.339041 0.399731 0.916532 -0.012177
0.024601 0.015059 -0.078231 0.680682 0.668776 0.830775 0.556017 -0.024537
0.021729 0.015001 -0.176739 0.672685 0.998515 0.779962 0.527512 -0.33665
0.011915 0.025599 -0.078149 0.620855 0.670949 0.399731 0.916532 -0.012177
0.026703 -0.000724 -0.17677 0.339627 0.666156 0.940519 0.019532 -0.339091
0.021729 0.015001 -0.176739 0.28057 0.671104 0.779962 0.527512 -0.33665
0.024601 0.015059 -0.078231 0.278598 0.34141 0.830775 0.556017 -0.024537
0.029574 -0.000667 -0.078261 0.111722 0.339502 0.999359 0.020692 -0.029115
0.026703 -0.000724 -0.17677 0.112529 0.666413 0.940519 0.019532 -0.339091
0.024601 0.015059 -0.078231 0.057257 0.339502 0.830775 0.556017 -0.024537
-0.025113 0.004786 -0.183462 0.565231 0.250295 -0.899564 0.243263 -0.362712
-0.030811 0.006331 -0.176395 0.569114 0.281686 -0.918119 0.247658 -0.309305
-0.022184 0.020389 -0.176453 0.507982 0.250295 -0.639088 0.702139 -0.313913
-0.018226 0.016008 -0.183508 0.738643 0.840052 -0.626026 0.690085 -0.363018
-0.022184 0.020389 -0.176453 0.738643 0.80819 -0.639088 0.702139 -0.313913
-0.007327 0.02755 -0.176551 0.793791 0.825731 -0.158696 0.933439 -0.321665
-0.005406 -0.024524 -0.183587 0.743378 0.47406 -0.115879 -0.924314 -0.363567
0.010148 -0.027699 -0.176658 0.795434 0.52003 0.405927 -0.852138 -0.33018
-0.006125 -0.030384 -0.176552 0.747551 0.507878 -0.119877 -0.939207 -0.321726
0.017354 -0.013554 -0.183737 0.118497 0.222382 0.792901 -0.488174 -0.364605
0.026703 -0.000724 -0.17677 0.057257 0.202355 0.940519 0.019532 -0.339091
0.022386 -0.016642 -0.17674 0.112719 0.190897 0.801172 -0.494705 -0.33668
-0.025113 0.004786 -0.183462 0.114712 0.358548 -0.899564 0.243263 -0.362712
-0.030469 -0.010157 -0.176395 0.168297 0.380706 -0.907041 -0.285531 -0.309336
-0.030811 0.006331 -0.176395 0.115079 0.392034 -0.918119 0.247658 -0.309305
0.007585 -0.022381 -0.183672 0.766516 0.913834 0.402295 -0.83993 -0.364147
0.022386 -0.016642 -0.17674 0.794358 0.862731 0.801172 -0.494705 -0.33668
0.010148 -0.027699 -0.176658 0.795932 0.926335 0.405927 -0.852138 -0.33018
-0.017493 -0.019304 -0.183508 0.170555 0.233411 -0.596881 -0.715445 -0.363018
-0.006125 -0.030384 -0.176552 0.233161 0.233719 -0.119877 -0.939207 -0.321726
-0.021266 -0.023845 -0.176453 0.174988 0.264788 -0.609424 -0.728019 -0.313913
0.01683 0.011707 -0.183737 0.796276 0.750529 0.771966 0.520676 -0.364574
0.021729 0.015001 -0.176739 0.765031 0.739999 0.779962 0.527512 -0.33665
0.026703 -0.000724 -0.17677 0.794791 0.692023 0.940519 0.019532 -0.339091
-0.006366 0.021725 -0.183586 0.507982 0.250295 -0.154088 0.918699 -0.363567
-0.007327 0.02755 -0.176551 0.51869 0.220435 -0.158696 0.933439 -0.321665
0.009043 0.025542 -0.176658 0.565231 0.250295 0.370281 0.868221 -0.33018
-0.02484 -0.008377 -0.183462 0.766515 0.80113 -0.888699 -0.280374 -0.362712
-0.021266 -0.023845 -0.176453 0.796276 0.750529 -0.609424 -0.728019 -0.313913
-0.030469 -0.010157 -0.176395 0.797892 0.809118 -0.907041 -0.285531 -0.309336
0.006703 0.020122 -0.183672 0.170555 0.233411 0.367138 0.855892 -0.364147
0.009043 0.025542 -0.176658 0.167868 0.200692 0.370281 0.868221 -0.33018
0.021729 0.015001 -0.176739 0.222216 0.200692 0.779962 0.527512 -0.33665
0.01683 0.011707 -0.192907 0.377658 0.166102 0.661855 0.442122 0.605335
0.01683 0.011707 -0.183737 0.374724 0.131365 0.771966 0.520676 -0.364574
0.020801 -0.000846 -0.183761 0.428435 0.134888 0.930876 0.019318 -0.364757
0.017354 -0.013554 -0.192908 0.27139 0.373855 0.679617 -0.414289 0.605335
0.020801 -0.000846 -0.183761 0.226476 0.344079 0.930876 0.019318 -0.364757
0.017354 -0.013554 -0.183737 0.278598 0.34141 0.792901 -0.488174 -0.364605
-0.006366 0.021725 -0.192757 0.320694 0.166349 -0.124973 0.784417 0.607471
-0.006366 0.021725 -0.183586 0.325397 0.131359 -0.154088 0.918699 -0.363567
0.006703 0.020122 -0.183672 0.374724 0.131365 0.367138 0.855892 -0.364147
0.007585 -0.022381 -0.192843 0.831243 0.518874 0.348918 -0.714621 0.60625
0.017354 -0.013554 -0.183737 0.866019 0.469865 0.792901 -0.488174 -0.364605
0.007585 -0.022381 -0.183672 0.866019 0.521034 0.402295 -0.83993 -0.364147
0.006703 0.020122 -0.192842 0.167868 0.200692 0.31901 0.728446 0.60625
0.006703 0.020122 -0.183672 0.186578 0.1743 0.367138 0.855892 -0.364147
0.01683 0.011707 -0.183737 0.222216 0.200692 0.771966 0.520676 -0.364574
-0.02484 -0.008377 -0.192632 0.823514 0.313404 -0.755638 -0.240303 0.609272
-0.017493 -0.019304 -0.183508 0.860368 0.273555 -0.596881 -0.715445 -0.363018
-0.02484 -0.008377 -0.183462 0.857509 0.326661 -0.888699 -0.280374 -0.362712
-0.017493 -0.019304 -0.192679 0.842786 0.978102 -0.504471 -0.612445 0.6086
-0.005406 -0.024524 -0.183587 0.873718 0.924788 -0.115879 -0.924314 -0.363567
-0.017493 -0.019304 -0.183508 0.874554 0.976708 -0.596881 -0.715445 -0.363018
-0.018226 0.016008 -0.192679 0.508876 0.191083 -0.529435 0.590991 0.6086
-0.018226 0.016008 -0.183508 0.529548 0.16468 -0.626026 0.690085 -0.363018
-0.006366 0.021725 -0.183586 0.565177 0.191083 -0.154088 0.918699 -0.363567
-0.005406 -0.024524 -0.192757 0.832943 0.271972 -0.092318 -0.788934 0.607471
0.007585 -0.022381 -0.183672 0.8582 0.218965 0.402295 -0.83993 -0.364147
-0.005406 -0.024524 -0.183587 0.860368 0.273555 -0.115879 -0.924314 -0.363567
-0.02484 -0.008377 -0.192632 0.823514 0.313404 -0.755638 -0.240303 0.609272
-0.02484 -0.008377 -0.183462 0.805464 0.33585 -0.888699 -0.280374 -0.362712
-0.025113 0.004786 -0.183462 0.769788 0.309516 -0.899564 0.243263 -0.362712
-0.025113 0.004786 -0.192633 0.325397 0.131359 -0.764946 0.208777 0.609272
-0.025113 0.004786 -0.183462 0.320694 0.166349 -0.899564 0.243263 -0.362712
-0.018226 0.016008 -0.183508 0.276074 0.160759 -0.626026 0.690085 -0.363018
0.00918 0.025858 -0.195445 0.765987 0.674601 0.34257 0.787103 0.512894
0.006703 0.020122 -0.192842 0.788459 0.661268 0.31901 0.728446 0.60625
0.01683 0.011707 -0.192907 0.823111 0.680259 0.661855 0.442122 0.605335
-0.030798 -0.010261 -0.195179 0.804212 0.092228 -0.816279 -0.25898 0.516312
-0.017493 -0.019304 -0.192679 0.860339 0.080556 -0.504471 -0.612445 0.6086
-0.02484 -0.008377 -0.192632 0.820495 0.099444 -0.755638 -0.240303 0.609272
-0.021486 -0.02411 -0.195237 0.320264 0.077771 -0.545976 -0.660329 0.515549
-0.005406 -0.024524 -0.192757 0.379527 0.086371 -0.092318 -0.788934 0.607471
-0.017493 -0.019304 -0.192679 0.328704 0.103345 -0.504471 -0.612445 0.6086
-0.022415 0.020644 -0.195237 0.502174 0.101562 -0.572924 0.637104 0.515549
-0.018226 0.016008 -0.192679 0.519974 0.084984 -0.529435 0.590991 0.6086
-0.006366 0.021725 -0.192757 0.567444 0.103894 -0.124973 0.784417 0.607471
-0.006167 -0.030726 -0.195337 0.842786 0.978102 -0.101779 -0.851558 0.514267
0.007585 -0.022381 -0.192843 0.907584 0.978193 0.348918 -0.714621 0.60625
-0.005406 -0.024524 -0.192757 0.848265 0.997331 -0.092318 -0.788934 0.607471
-0.030798 -0.010261 -0.195179 0.289347 0.073212 -0.816279 -0.25898 0.516312
-0.02484 -0.008377 -0.192632 0.277763 0.098793 -0.755638 -0.240303 0.609272
-0.025113 0.004786 -0.192633 0.228418 0.09294 -0.764946 0.208777 0.609272
-0.031144 0.006422 -0.195179 0.446987 0.097815 -0.826319 0.224891 0.516312
-0.025113 0.004786 -0.192633 0.45395 0.069165 -0.764946 0.208777 0.609272
-0.018226 0.016008 -0.192679 0.502174 0.101562 -0.529435 0.590991 0.6086
0.022015 0.015194 -0.195527 0.740557 0.527876 0.713706 0.478133 0.511856
0.01683 0.011707 -0.192907 0.747551 0.507878 0.661855 0.442122 0.605335
0.020801 -0.000846 -0.192932 0.795434 0.52003 0.796045 0.016511 0.604968
0.02268 -0.016823 -0.195527 0.794358 0.862731 0.732933 -0.448103 0.511826
0.020801 -0.000846 -0.192932 0.738643 0.862731 0.796045 0.016511 0.604968
0.017354 -0.013554 -0.192908 0.778461 0.843022 0.679617 -0.414289 0.605335
-0.007383 0.02789 -0.195336 0.071158 0.105949 -0.136998 0.846583 0.514298
-0.006366 0.021725 -0.192757 0.085086 0.088504 -0.124973 0.784417 0.607471
0.006703 0.020122 -0.192842 0.127297 0.108643 0.31901 0.728446 0.60625
0.010298 -0.02801 -0.195445 0.168467 0.356961 0.374889 -0.77224 0.512894
0.017354 -0.013554 -0.192908 0.114712 0.358548 0.679617 -0.414289 0.605335
0.007585 -0.022381 -0.192843 0.14702 0.338017 0.348918 -0.714621 0.60625
-0.031144 0.006422 -0.19998 0.923905 0.260028 -0.736595 0.198798 -0.646413
-0.031144 0.006422 -0.195179 0.923905 0.260028 -0.826319 0.224891 0.516312
-0.022415 0.020644 -0.195237 0.86768 0.242194 -0.572924 0.637104 0.515549
0.022015 0.015194 -0.200328 0.45395 0.069165 0.628925 0.425031 -0.65096
0.022015 0.015194 -0.195527 0.45395 0.069165 0.713706 0.478133 0.511856
0.027048 -0.000717 -0.195558 0.502092 0.053162 0.859096 0.017823 0.511429
0.02268 -0.016823 -0.200328 0.434234 0.084607 0.646016 -0.398572 -0.65096
0.027048 -0.000717 -0.195558 0.377658 0.064955 0.859096 0.017823 0.511429
0.02268 -0.016823 -0.195527 0.424344 0.065784 0.732933 -0.448103 0.511826
-0.007383 0.02789 -0.200137 0.643573 0.085672 -0.127201 0.750511 -0.648457
-0.007383 0.02789 -0.195336 0.643573 0.085672 -0.136998 0.846583 0.514298
0.00918 0.025858 -0.195445 0.702897 0.087003 0.34257 0.787103 0.512894
0.010298 -0.02801 -0.200246 0.176609 0.060028 0.327219 -0.685934 -0.649892
0.02268 -0.016823 -0.195527 0.228418 0.09294 0.732933 -0.448103 0.511826
0.010298 -0.02801 -0.195445 0.172519 0.078851 0.374889 -0.77224 0.512894
0.00918 0.025858 -0.200246 0.320264 0.077771 0.298502 0.698935 -0.649892
0.00918 0.025858 -0.195445 0.330975 0.064127 0.34257 0.787103 0.512894
0.022015 0.015194 -0.195527 0.377658 0.064955 0.713706 0.478133 0.511856
-0.030798 -0.010261 -0.19998 0.927642 0.335873 -0.727714 -0.229194 -0.646413
-0.021486 -0.02411 -0.195237 0.944456 0.277483 -0.545976 -0.660329 0.515549
-0.030798 -0.010261 -0.195179 0.927642 0.335873 -0.816279 -0.25898 0.516312
-0.021486 -0.02411 -0.200038 0.646354 0.056584 -0.48912 -0.584735 -0.647175
-0.006167 -0.030726 -0.195337 0.701412 0.065209 -0.101779 -0.851558 0.514267
-0.021486 -0.02411 -0.195237 0.643573 0.085672 -0.545976 -0.660329 0.515549
-0.022415 0.020644 -0.200038 0.86768 0.242194 -0.512925 0.563952 -0.647175
-0.022415 0.020644 -0.195237 0.875344 0.21477 -0.572924 0.637104 0.515549
-0.007383 0.02789 -0.195336 0.924768 0.228414 -0.136998 0.846583 0.514298
-0.006167 -0.030726 -0.200138 0.012756 0.059948 -0.095981 -0.75512 -0.648457
0.010298 -0.02801 -0.195445 0.064277 0.076123 0.374889 -0.77224 0.512894
-0.006167 -0.030726 -0.195337 0.012756 0.059948 -0.101779 -0.851558 0.514267
-0.030798 -0.010261 -0.19998 0.643573 0.085672 -0.727714 -0.229194 -0.646413
-0.030798 -0.010261 -0.195179 0.643573 0.085672 -0.816279 -0.25898 0.516312
-0.031144 0.006422 -0.195179 0.583902 0.078209 -0.826319 0.224891 0.516312
-0.002561 -0.001331 -0.200165 0.525884 0.519957 -0.006531 -0.000122 -0.999969
0.02268 -0.016823 -0.200328 0.472667 0.614588 0.646016 -0.398572 -0.65096
0.010298 -0.02801 -0.200246 0.433153 0.576181 0.327219 -0.685934 -0.649892
-0.002561 -0.001331 -0.200165 0.519528 0.520938 -0.006531 -0.000122 -0.999969
0.00918 0.025858 -0.200246 0.422235 0.522416 0.298502 0.698935 -0.649892
0.022015 0.015194 -0.200328 0.431476 0.466579 0.628925 0.425031 -0.65096
-0.002561 -0.001331 -0.200165 0.532577 0.527217 -0.006531 -0.000122 -0.999969
-0.021486 -0.02411 -0.200038 0.621315 0.554083 -0.48912 -0.584735 -0.647175
-0.030798 -0.010261 -0.19998 0.593008 0.605452 -0.727714 -0.229194 -0.646413
-0.002561 -0.001331 -0.200165 0.526793 0.524061 -0.006531 -0.000122 -0.999969
-0.006167 -0.030726 -0.200138 0.592349 0.611669 -0.095981 -0.75512 -0.648457
-0.021486 -0.02411 -0.200038 0.537389 0.631442 -0.48912 -0.584735 -0.647175
-0.002561 -0.001331 -0.200165 0.525804 0.519854 -0.006531 -0.000122 -0.999969
-0.022415 0.020644 -0.200038 0.549494 0.423429 -0.512925 0.563952 -0.647175
-0.007383 0.02789 -0.200137 0.602927 0.439824 -0.127201 0.750511 -0.648457
-0.002561 -0.001331 -0.200165 0.524699 0.527034 -0.006531 -0.000122 -0.999969
0.010298 -0.02801 -0.200246 0.533048 0.624475 0.327219 -0.685934 -0.649892
-0.006167 -0.030726 -0.200138 0.476102 0.615893 -0.095981 -0.75512 -0.648457
-0.002561 -0.001331 -0.200165 0.518546 0.521527 -0.006531 -0.000122 -0.999969
-0.030798 -0.010261 -0.19998 0.629789 0.501865 -0.727714 -0.229194 -0.646413
-0.031144 0.006422 -0.19998 0.623704 0.556632 -0.736595 0.198798 -0.646413
-0.002561 -0.001331 -0.200165 0.528551 0.519568 -0.006531 -0.000122 -0.999969
-0.031144 0.006422 -0.19998 0.603751 0.456376 -0.736595 0.198798 -0.646413
-0.022415 0.020644 -0.200038 0.62499 0.500837 -0.512925 0.563952 -0.647175
-0.002561 -0.001331 -0.200165 0.525139 0.517606 -0.006531 -0.000122 -0.999969
0.022015 0.015194 -0.200328 0.436792 0.461643 0.628925 0.425031 -0.65096
0.027048 -0.000717 -0.200359 0.47799 0.4223 0.758568 0.015748 -0.651357
-0.002561 -0.001331 -0.200165 0.525944 0.52644 -0.006531 -0.000122 -0.999969
0.027048 -0.000717 -0.200359 0.438199 0.569651 0.758568 0.015748 -0.651357
0.02268 -0.016823 -0.200328 0.420598 0.517597 0.646016 -0.398572 -0.65096
-0.002561 -0.001331 -0.200165 0.52485 0.512739 -0.006531 -0.000122 -0.999969
-0.007383 0.02789 -0.200137 0.48504 0.421853 -0.127201 0.750511 -0.648457
0.00918 0.025858 -0.200246 0.541798 0.419406 0.298502 0.698935 -0.649892
-0.025113 0.004786 -0.183462 0.22751 0.15444 -0.899564 0.243263 -0.362712
-0.022184 0.020389 -0.176453 0.160522 0.159674 -0.639088 0.702139 -0.313913
-0.018226 0.016008 -0.183508 0.189562 0.14865 -0.626026 0.690085 -0.363018
-0.018226 0.016008 -0.183508 0.806562 0.127511 -0.626026 0.690085 -0.363018
-0.007327 0.02755 -0.176551 0.864066 0.133651 -0.158696 0.933439 -0.321665
-0.006366 0.021725 -0.183586 0.844411 0.156778 -0.154088 0.918699 -0.363567
-0.005406 -0.024524 -0.183587 0.160522 0.159674 -0.115879 -0.924314 -0.363567
0.007585 -0.022381 -0.183672 0.213585 0.121544 0.402295 -0.83993 -0.364147
0.010148 -0.027699 -0.176658 0.22751 0.15444 0.405927 -0.852138 -0.33018
0.017354 -0.013554 -0.183737 0.055341 0.114712 0.792901 -0.488174 -0.364605
0.020801 -0.000846 -0.183761 0.021585 0.13877 0.930876 0.019318 -0.364757
0.026703 -0.000724 -0.17677 0.001497 0.116197 0.940519 0.019532 -0.339091
-0.025113 0.004786 -0.183462 0.051117 0.180717 -0.899564 0.243263 -0.362712
-0.02484 -0.008377 -0.183462 0.094361 0.166751 -0.888699 -0.280374 -0.362712
-0.030469 -0.010157 -0.176395 0.112719 0.190897 -0.907041 -0.285531 -0.309336
0.007585 -0.022381 -0.183672 0.590076 0.150354 0.402295 -0.83993 -0.364147
0.017354 -0.013554 -0.183737 0.621174 0.122053 0.792901 -0.488174 -0.364605
0.022386 -0.016642 -0.17674 0.642725 0.150355 0.801172 -0.494705 -0.33668
-0.017493 -0.019304 -0.183508 0.443509 0.14797 -0.596881 -0.715445 -0.363018
-0.005406 -0.024524 -0.183587 0.480605 0.125293 -0.115879 -0.924314 -0.363567
-0.006125 -0.030384 -0.176552 0.500743 0.14797 -0.119877 -0.939207 -0.321726
0.01683 0.011707 -0.183737 0.749213 0.213441 0.771966 0.520676 -0.364574
0.026703 -0.000724 -0.17677 0.753838 0.149696 0.940519 0.019532 -0.339091
0.020801 -0.000846 -0.183761 0.775174 0.174795 0.930876 0.019318 -0.364757
-0.006366 0.021725 -0.183586 0.724742 0.122033 -0.154088 0.918699 -0.363567
0.009043 0.025542 -0.176658 0.781937 0.120548 0.370281 0.868221 -0.33018
0.006703 0.020122 -0.183672 0.753838 0.149696 0.367138 0.855892 -0.364147
-0.02484 -0.008377 -0.183462 0.43771 0.173088 -0.888699 -0.280374 -0.362712
-0.017493 -0.019304 -0.183508 0.480533 0.15094 -0.596881 -0.715445 -0.363018
-0.021266 -0.023845 -0.176453 0.49856 0.175105 -0.609424 -0.728019 -0.313913
0.006703 0.020122 -0.183672 0.642232 0.120568 0.367138 0.855892 -0.364147
0.021729 0.015001 -0.176739 0.700921 0.120568 0.779962 0.527512 -0.33665
0.01683 0.011707 -0.183737 0.689114 0.150355 0.771966 0.520676 -0.364574
0.01683 0.011707 -0.192907 0.43771 0.173088 0.661855 0.442122 0.605335
0.020801 -0.000846 -0.183761 0.49856 0.175105 0.930876 0.019318 -0.364757
0.020801 -0.000846 -0.192932 0.47181 0.202946 0.796045 0.016511 0.604968
0.017354 -0.013554 -0.192908 0.445859 0.37707 0.679617 -0.414289 0.605335
0.020801 -0.000846 -0.192932 0.398545 0.374778 0.796045 0.016511 0.604968
0.020801 -0.000846 -0.183761 0.398601 0.34301 0.930876 0.019318 -0.364757
-0.006366 0.021725 -0.192757 0.22751 0.15444 -0.124973 0.784417 0.607471
0.006703 0.020122 -0.183672 0.276548 0.123301 0.367138 0.855892 -0.364147
0.006703 0.020122 -0.192842 0.276074 0.160759 0.31901 0.728446 0.60625
0.007585 -0.022381 -0.192843 0.506541 0.126186 0.348918 -0.714621 0.60625
0.017354 -0.013554 -0.192908 0.56163 0.129942 0.679617 -0.414289 0.605335
0.017354 -0.013554 -0.183737 0.555817 0.16171 0.792901 -0.488174 -0.364605
0.006703 0.020122 -0.192842 0.001497 0.177595 0.31901 0.728446 0.60625
0.01683 0.011707 -0.183737 0.044976 0.141739 0.771966 0.520676 -0.364574
0.01683 0.011707 -0.192907 0.051117 0.180717 0.661855 0.442122 0.605335
-0.02484 -0.008377 -0.192632 0.795434 0.52003 -0.755638 -0.240303 0.609272
-0.017493 -0.019304 -0.192679 0.794778 0.469455 -0.504471 -0.612445 0.6086
-0.017493 -0.019304 -0.183508 0.823855 0.474113 -0.596881 -0.715445 -0.363018
-0.017493 -0.019304 -0.192679 0.278382 0.195977 -0.504471 -0.612445 0.6086
-0.005406 -0.024524 -0.192757 0.320694 0.166349 -0.092318 -0.788934 0.607471
-0.005406 -0.024524 -0.183587 0.33468 0.195977 -0.115879 -0.924314 -0.363567
-0.018226 0.016008 -0.192679 0.377658 0.166102 -0.529435 0.590991 0.6086
-0.006366 0.021725 -0.183586 0.43771 0.173088 -0.154088 0.918699 -0.363567
-0.006366 0.021725 -0.192757 0.414772 0.194503 -0.124973 0.784417 0.607471
-0.005406 -0.024524 -0.192757 0.823581 0.820944 -0.092318 -0.788934 0.607471
0.007585 -0.022381 -0.192843 0.870584 0.82716 0.348918 -0.714621 0.60625
0.007585 -0.022381 -0.183672 0.872795 0.861472 0.402295 -0.83993 -0.364147
-0.02484 -0.008377 -0.192632 0.823514 0.313404 -0.755638 -0.240303 0.609272
-0.025113 0.004786 -0.183462 0.769788 0.309516 -0.899564 0.243263 -0.362712
-0.025113 0.004786 -0.192633 0.776957 0.281697 -0.764946 0.208777 0.609272
-0.025113 0.004786 -0.192633 0.12045 0.13209 -0.764946 0.208777 0.609272
-0.018226 0.016008 -0.183508 0.071158 0.163781 -0.626026 0.690085 -0.363018
-0.018226 0.016008 -0.192679 0.071158 0.132013 -0.529435 0.590991 0.6086
0.00918 0.025858 -0.195445 0.804212 0.092228 0.34257 0.787103 0.512894
0.01683 0.011707 -0.192907 0.863392 0.100659 0.661855 0.442122 0.605335
0.022015 0.015194 -0.195527 0.864066 0.133651 0.713706 0.478133 0.511856
-0.030798 -0.010261 -0.195179 0.168913 0.101521 -0.816279 -0.25898 0.516312
-0.021486 -0.02411 -0.195237 0.228418 0.09294 -0.545976 -0.660329 0.515549
-0.017493 -0.019304 -0.192679 0.213585 0.121544 -0.504471 -0.612445 0.6086
-0.021486 -0.02411 -0.195237 0.228418 0.09294 -0.545976 -0.660329 0.515549
-0.006167 -0.030726 -0.195337 0.277763 0.098793 -0.101779 -0.851558 0.514267
-0.005406 -0.024524 -0.192757 0.276548 0.123301 -0.092318 -0.788934 0.607471
-0.022415 0.020644 -0.195237 0.445638 0.122323 -0.572924 0.637104 0.515549
-0.006366 0.021725 -0.192757 0.502174 0.101562 -0.124973 0.784417 0.607471
-0.007383 0.02789 -0.195336 0.506541 0.126186 -0.136998 0.846583 0.514298
-0.006167 -0.030726 -0.195337 0.328704 0.103345 -0.101779 -0.851558 0.514267
0.010298 -0.02801 -0.195445 0.380573 0.108291 0.374889 -0.77224 0.512894
0.007585 -0.022381 -0.192843 0.374724 0.131365 0.348918 -0.714621 0.60625
-0.030798 -0.010261 -0.195179 0.907923 0.666038 -0.816279 -0.25898 0.516312
-0.025113 0.004786 -0.192633 0.844966 0.664387 -0.764946 0.208777 0.609272
-0.031144 0.006422 -0.195179 0.849726 0.642348 -0.826319 0.224891 0.516312
-0.031144 0.006422 -0.195179 0.901679 0.583918 -0.826319 0.224891 0.516312
-0.018226 0.016008 -0.192679 0.84496 0.595823 -0.529435 0.590991 0.6086
-0.022415 0.020644 -0.195237 0.849696 0.569521 -0.572924 0.637104 0.515549
0.022015 0.015194 -0.195527 0.071158 0.132013 0.713706 0.478133 0.511856
0.020801 -0.000846 -0.192932 0.127297 0.108643 0.796045 0.016511 0.604968
0.027048 -0.000717 -0.195558 0.12045 0.13209 0.859096 0.017823 0.511429
0.02268 -0.016823 -0.195527 0.428435 0.134888 0.732933 -0.448103 0.511826
0.027048 -0.000717 -0.195558 0.374724 0.131365 0.859096 0.017823 0.511429
0.020801 -0.000846 -0.192932 0.380573 0.108291 0.796045 0.016511 0.604968
-0.007383 0.02789 -0.195336 0.844953 0.527259 -0.136998 0.846583 0.514298
0.006703 0.020122 -0.192842 0.896696 0.525152 0.31901 0.728446 0.60625
0.00918 0.025858 -0.195445 0.894898 0.556719 0.34257 0.787103 0.512894
0.010298 -0.02801 -0.195445 0.56163 0.129942 0.374889 -0.77224 0.512894
0.02268 -0.016823 -0.195527 0.506541 0.126186 0.732933 -0.448103 0.511826
0.017354 -0.013554 -0.192908 0.502174 0.101562 0.679617 -0.414289 0.605335
-0.031144 0.006422 -0.19998 0.92567 0.133651 -0.736595 0.198798 -0.646413
-0.022415 0.020644 -0.195237 0.864066 0.133651 -0.572924 0.637104 0.515549
-0.022415 0.020644 -0.200038 0.864066 0.133651 -0.512925 0.563952 -0.647175
0.022015 0.015194 -0.200328 0.72594 0.088383 0.628925 0.425031 -0.65096
0.027048 -0.000717 -0.195558 0.781205 0.085431 0.859096 0.017823 0.511429
0.027048 -0.000717 -0.200359 0.781205 0.085431 0.758568 0.015748 -0.651357
0.02268 -0.016823 -0.200328 0.567444 0.074088 0.646016 -0.398572 -0.65096
0.027048 -0.000717 -0.200359 0.519974 0.084984 0.758568 0.015748 -0.651357
0.027048 -0.000717 -0.195558 0.51077 0.066161 0.859096 0.017823 0.511429
-0.007383 0.02789 -0.200137 0.064277 0.076123 -0.127201 0.750511 -0.648457
0.00918 0.025858 -0.195445 0.127739 0.069885 0.34257 0.787103 0.512894
0.00918 0.025858 -0.200246 0.127739 0.069885 0.298502 0.698935 -0.649892
0.010298 -0.02801 -0.200246 0.22772 0.05982 0.327219 -0.685934 -0.649892
0.02268 -0.016823 -0.200328 0.289347 0.073212 0.646016 -0.398572 -0.65096
0.02268 -0.016823 -0.195527 0.289347 0.073212 0.732933 -0.448103 0.511826
0.00918 0.025858 -0.200246 0.803053 0.069524 0.298502 0.698935 -0.649892
0.022015 0.015194 -0.195527 0.865816 0.062126 0.713706 0.478133 0.511856
0.022015 0.015194 -0.200328 0.860339 0.080556 0.628925 0.425031 -0.65096
-0.030798 -0.010261 -0.19998 0.921673 0.559351 -0.727714 -0.229194 -0.646413
-0.021486 -0.02411 -0.200038 0.92554 0.4923 -0.48912 -0.584735 -0.647175
-0.021486 -0.02411 -0.195237 0.92554 0.4923 -0.545976 -0.660329 0.515549
-0.021486 -0.02411 -0.200038 0.724625 0.059336 -0.48912 -0.584735 -0.647175
-0.006167 -0.030726 -0.200138 0.772424 0.048767 -0.095981 -0.75512 -0.648457
-0.006167 -0.030726 -0.195337 0.781205 0.085431 -0.101779 -0.851558 0.514267
-0.022415 0.020644 -0.200038 0.001497 0.081444 -0.512925 0.563952 -0.647175
-0.007383 0.02789 -0.195336 0.064277 0.076123 -0.136998 0.846583 0.514298
-0.007383 0.02789 -0.200137 0.05368 0.089074 -0.127201 0.750511 -0.648457
-0.006167 -0.030726 -0.200138 0.586135 0.059386 -0.095981 -0.75512 -0.648457
0.010298 -0.02801 -0.200246 0.633931 0.048815 0.327219 -0.685934 -0.649892
0.010298 -0.02801 -0.195445 0.643573 0.085672 0.374889 -0.77224 0.512894
-0.030798 -0.010261 -0.19998 0.228418 0.09294 -0.727714 -0.229194 -0.646413
-0.031144 0.006422 -0.195179 0.168913 0.101521 -0.826319 0.224891 0.516312
-0.031144 0.006422 -0.19998 0.172519 0.078851 -0.736595 0.198798 -0.646413
