Vertex Count: 1122

Data:

0.022386 -0.016642 -0.213093 0.904496 1 0.802332 -0.494919 -0.333598
0.026703 -0.000724 -0.213123 0.857946 0.997848 0.941862 0.019562 -0.335398
0.029574 -0.000667 -0.078261 0.903744 0.538095 0.999542 0.020692 -0.021271
0.025257 -0.016584 -0.07823 0.904493 0.078341 0.85284 -0.521805 -0.017914
0.022386 -0.016642 -0.213093 0.858698 0.538095 0.802332 -0.494919 -0.333598
0.029574 -0.000667 -0.078261 0.857946 0.076189 0.999542 0.020692 -0.021271
0.010148 -0.027699 -0.213012 0.441459 0.532501 0.406812 -0.85229 -0.328684
0.022386 -0.016642 -0.213093 0.495059 0.540398 0.802332 -0.494919 -0.333598
0.025257 -0.016584 -0.07823 0.442593 1 0.85284 -0.521805 -0.017914
0.013019 -0.027641 -0.078149 0.495059 0.992104 0.436262 -0.899747 -0.008881
0.010148 -0.027699 -0.213012 0.547524 0.532501 0.406812 -0.85229 -0.328684
0.025257 -0.016584 -0.07823 0.548658 1 0.85284 -0.521805 -0.017914
-0.006125 -0.030384 -0.212905 0.386842 0.537605 -0.119083 -0.939116 -0.322275
0.010148 -0.027699 -0.213012 0.441459 0.537413 0.406812 -0.85229 -0.328684
0.013019 -0.027641 -0.078149 0.441391 1 0.436262 -0.899747 -0.008881
-0.003254 -0.030326 -0.078042 0.332224 1 -0.119114 -0.992859 0.00296
-0.006125 -0.030384 -0.212905 0.332293 0.537413 -0.119083 -0.939116 -0.322275
0.013019 -0.027641 -0.078149 0.386842 0.999807 0.436262 -0.899747 -0.008881
-0.021266 -0.023845 -0.212806 0.42535 0.537413 -0.608448 -0.727775 -0.316355
-0.006125 -0.030384 -0.212905 0.386842 0.531539 -0.119083 -0.939116 -0.322275
-0.003254 -0.030326 -0.078042 0.424617 0.069952 -0.119114 -0.992859 0.00296
-0.018395 -0.023788 -0.077943 0.386842 0.075825 -0.637379 -0.770409 0.013886
-0.021266 -0.023845 -0.212806 0.34907 0.537413 -0.608448 -0.727775 -0.316355
-0.003254 -0.030326 -0.078042 0.348337 0.069952 -0.119114 -0.992859 0.00296
-0.030469 -0.010157 -0.212749 0.332224 1 -0.905881 -0.285379 -0.312876
-0.021266 -0.023845 -0.212806 0.277711 0.992569 -0.608448 -0.727775 -0.316355
-0.018395 -0.023788 -0.077943 0.331036 0.532519 -0.637379 -0.770409 0.013886
-0.027598 -0.0101 -0.077886 0.277711 0.53995 -0.953001 -0.302255 0.020386
-0.030469 -0.010157 -0.212749 0.224386 1 -0.905881 -0.285379 -0.312876
-0.018395 -0.023788 -0.077943 0.223198 0.532519 -0.637379 -0.770409 0.013886
-0.030811 0.006331 -0.212749 0.656036 0.999239 -0.916929 0.247566 -0.312876
-0.030469 -0.010157 -0.212749 0.602348 1 -0.905881 -0.285379 -0.312876
-0.027598 -0.0101 -0.077886 0.60322 0.536871 -0.953001 -0.302255 0.020386
-0.02794 0.00639 -0.077886 0.602348 0.536871 -0.964721 0.262459 0.020417
-0.030811 0.006331 -0.212749 0.601473 1 -0.916929 0.247566 -0.312876
-0.027598 -0.0101 -0.077886 0.548658 0.537631 -0.953001 -0.302255 0.020386
-0.022184 0.020389 -0.212807 0.708645 0.070961 -0.638112 0.701926 -0.316355
-0.030811 0.006331 -0.212749 0.749465 0.076273 -0.916929 0.247566 -0.312876
-0.02794 0.00639 -0.077886 0.709906 0.537456 -0.964721 0.262459 0.020417
-0.019313 0.020446 -0.077944 0.667826 0.532144 -0.668752 0.743309 0.013916
-0.022184 0.020389 -0.212807 0.707384 0.070961 -0.638112 0.701926 -0.316355
-0.02794 0.00639 -0.077886 0.708645 0.537456 -0.964721 0.262459 0.020417
-0.007327 0.02755 -0.212904 0.167889 0.533934 -0.157903 0.933378 -0.322245
-0.022184 0.020389 -0.212807 0.223198 0.540415 -0.638112 0.701926 -0.316355
-0.019313 0.020446 -0.077944 0.168102 1 -0.668752 0.743309 0.013916
-0.004455 0.027607 -0.078041 0.112577 0.993519 -0.160192 0.98706 0.002991
-0.007327 0.02755 -0.212904 0.167677 0.533934 -0.157903 0.933378 -0.322245
-0.019313 0.020446 -0.077944 0.167889 1 -0.668752 0.743309 0.013916
0.009043 0.025542 -0.213012 0.708645 0.537456 0.371136 0.868435 -0.328684
-0.007327 0.02755 -0.212904 0.761254 0.537486 -0.157903 0.933378 -0.322245
-0.004455 0.027607 -0.078041 0.742951 1 -0.160192 0.98706 0.002991
0.011915 0.025599 -0.078149 0.656036 0.99997 0.398572 0.917081 -0.00885
0.009043 0.025542 -0.213012 0.674339 0.537456 0.371136 0.868435 -0.328684
-0.004455 0.027607 -0.078041 0.708645 1 -0.160192 0.98706 0.002991
0.021729 0.015001 -0.213093 0.809602 1 0.781121 0.527757 -0.333567
0.009043 0.025542 -0.213012 0.761254 0.993243 0.371136 0.868435 -0.328684
0.011915 0.025599 -0.078149 0.808464 0.533633 0.398572 0.917081 -0.00885
0.024601 0.015059 -0.078231 0.857946 0.540393 0.83047 0.556719 -0.017914
0.021729 0.015001 -0.213093 0.810739 1 0.781121 0.527757 -0.333567
0.011915 0.025599 -0.078149 0.809602 0.533633 0.398572 0.917081 -0.00885
0.026703 -0.000724 -0.213123 0.112577 1 0.941862 0.019562 -0.335398
0.021729 0.015001 -0.213093 0.05629 0.993581 0.781121 0.527757 -0.333567
0.024601 0.015059 -0.078231 0.111948 0.534921 0.83047 0.556719 -0.017914
0.029574 -0.000667 -0.078261 0.05629 0.541337 0.999542 0.020692 -0.021271
0.026703 -0.000724 -0.213123 0.000629 1 0.941862 0.019562 -0.335398
0.024601 0.015059 -0.078231 0 0.534921 0.83047 0.556719 -0.017914
-0.025113 0.004786 -0.219815 0.849289 0.136103 -0.899564 0.243233 -0.362712
-0.030811 0.006331 -0.212749 0.828845 0.136075 -0.916929 0.247566 -0.312876
-0.022184 0.020389 -0.212807 0.845009 0.081738 -0.638112 0.701926 -0.316355
-0.018226 0.016008 -0.219862 0.464083 0.219927 -0.626026 0.690085 -0.363018
-0.022184 0.020389 -0.212807 0.439266 0.218439 -0.638112 0.701926 -0.316355
-0.007327 0.02755 -0.212904 0.464001 0.168546 -0.157903 0.933378 -0.322245
-0.005406 -0.024524 -0.21994 0.786738 0.151963 -0.115879 -0.924314 -0.363567
0.010148 -0.027699 -0.213012 0.786727 0.200969 0.406812 -0.85229 -0.328684
-0.006125 -0.030384 -0.212905 0.761254 0.152655 -0.119083 -0.939116 -0.322275
0.017354 -0.013554 -0.22009 0.093842 0.131994 0.792901 -0.488174 -0.364605
0.026703 -0.000724 -0.213123 0.097738 0.077663 0.941862 0.019562 -0.335398
0.022386 -0.016642 -0.213093 0.114003 0.131971 0.802332 -0.494919 -0.333598
-0.025113 0.004786 -0.219815 0.136546 0.178506 -0.899564 0.243233 -0.362712
-0.030469 -0.010157 -0.212749 0.137039 0.131144 -0.905881 -0.285379 -0.312876
-0.030811 0.006331 -0.212749 0.162439 0.178449 -0.916929 0.247566 -0.312876
0.007585 -0.022381 -0.220026 0.850232 0.267863 0.402295 -0.83993 -0.364147
0.022386 -0.016642 -0.213093 0.850123 0.327194 0.802332 -0.494919 -0.333598
0.010148 -0.027699 -0.213012 0.829341 0.277161 0.406812 -0.85229 -0.328684
-0.017493 -0.019304 -0.219862 0.808194 0.130107 -0.596912 -0.715445 -0.363018
-0.006125 -0.030384 -0.212905 0.827686 0.07926 -0.119083 -0.939116 -0.322275
-0.021266 -0.023845 -0.212806 0.827735 0.13595 -0.608448 -0.727775 -0.316355
0.01683 0.011707 -0.22009 0.831628 0.455442 0.771966 0.520676 -0.364574
0.021729 0.015001 -0.213093 0.808328 0.455474 0.781121 0.527757 -0.333567
0.026703 -0.000724 -0.213123 0.820404 0.400123 0.941862 0.019562 -0.335398
-0.006366 0.021725 -0.21994 0.490263 0.168044 -0.154088 0.918699 -0.363567
-0.007327 0.02755 -0.212904 0.470089 0.157106 -0.157903 0.933378 -0.322245
0.009043 0.025542 -0.213012 0.49025 0.108513 0.371136 0.868435 -0.328684
-0.02484 -0.008377 -0.219815 0.786875 0.213868 -0.888699 -0.280374 -0.362712
-0.021266 -0.023845 -0.212806 0.787009 0.154787 -0.608448 -0.727775 -0.316355
-0.030469 -0.010157 -0.212749 0.808195 0.205562 -0.905881 -0.285379 -0.312876
0.006703 0.020122 -0.220025 0.16407 0.130763 0.367168 0.855892 -0.364147
0.009043 0.025542 -0.213012 0.136546 0.131144 0.371136 0.868435 -0.328684
0.021729 0.015001 -0.213093 0.164072 0.090827 0.781121 0.527757 -0.333567
0.01683 0.011707 -0.229261 0.225405 0.272367 0.661855 0.442122 0.605335
0.01683 0.011707 -0.22009 0.199584 0.254399 0.771966 0.520676 -0.364574
0.020801 -0.000846 -0.220115 0.225399 0.217264 0.930876 0.019318 -0.364757
0.017354 -0.013554 -0.229261 0.199584 0.152247 0.679617 -0.414289 0.605335
0.020801 -0.000846 -0.220115 0.199602 0.104654 0.930876 0.019318 -0.364757
0.017354 -0.013554 -0.22009 0.224153 0.132602 0.792901 -0.488174 -0.364605
-0.006366 0.021725 -0.22911 0.655813 0.220835 -0.124973 0.784417 0.607471
-0.006366 0.021725 -0.21994 0.630844 0.201699 -0.154088 0.918699 -0.363567
0.006703 0.020122 -0.220025 0.655777 0.167903 0.367168 0.855892 -0.364147
0.007585 -0.022381 -0.229196 0.321592 0.169638 0.348918 -0.714621 0.60625
0.017354 -0.013554 -0.22009 0.321557 0.223455 0.792901 -0.488174 -0.364605
0.007585 -0.022381 -0.220026 0.296294 0.18835 0.402295 -0.83993 -0.364147
0.006703 0.020122 -0.229196 0.856595 0.449135 0.31901 0.728446 0.60625
0.006703 0.020122 -0.220025 0.831628 0.429999 0.367168 0.855892 -0.364147
0.01683 0.011707 -0.22009 0.856651 0.400123 0.771966 0.520676 -0.364574
-0.02484 -0.008377 -0.228986 0.782905 0.454479 -0.755638 -0.240303 0.609272
-0.017493 -0.019304 -0.219862 0.782946 0.400123 -0.596912 -0.715445 -0.363018
-0.02484 -0.008377 -0.219815 0.808328 0.435966 -0.888699 -0.280374 -0.362712
-0.017493 -0.019304 -0.229032 0.582395 0.113237 -0.504471 -0.612445 0.6086
-0.005406 -0.024524 -0.21994 0.582371 0.067641 -0.115879 -0.924314 -0.363567
-0.017493 -0.019304 -0.219862 0.603789 0.090186 -0.596912 -0.715445 -0.363018
-0.018226 0.016008 -0.229032 0.808195 0.267863 -0.529435 0.590991 0.6086
-0.018226 0.016008 -0.219862 0.782261 0.250055 -0.626026 0.690085 -0.363018
-0.006366 0.021725 -0.21994 0.808084 0.213868 -0.154088 0.918699 -0.363567
-0.005406 -0.024524 -0.229111 0.348314 0.173055 -0.092318 -0.788934 0.607471
0.007585 -0.022381 -0.220026 0.348284 0.226229 0.402295 -0.83993 -0.364147
-0.005406 -0.024524 -0.21994 0.322509 0.191061 -0.115879 -0.924314 -0.363567
-0.02484 -0.008377 -0.228986 0.607466 0.221535 -0.755638 -0.240303 0.609272
-0.02484 -0.008377 -0.219815 0.582371 0.20258 -0.888699 -0.280374 -0.362712
-0.025113 0.004786 -0.219815 0.607415 0.167794 -0.899564 0.243233 -0.362712
-0.025113 0.004786 -0.228986 0.348282 0.116997 -0.764946 0.208777 0.609272
-0.025113 0.004786 -0.219815 0.324852 0.096004 -0.899564 0.243233 -0.362712
-0.018226 0.016008 -0.219862 0.348314 0.072996 -0.626026 0.690085 -0.363018
0.00918 0.025858 -0.231798 0.843584 0.330646 0.34257 0.787103 0.512894
0.006703 0.020122 -0.229196 0.857823 0.33999 0.31901 0.728446 0.60625
0.01683 0.011707 -0.229261 0.843707 0.382738 0.661855 0.442122 0.605335
-0.030798 -0.010261 -0.231532 0.574559 0.060515 -0.816279 -0.25898 0.516312
-0.017493 -0.019304 -0.229032 0.574449 0.115126 -0.504471 -0.612445 0.6086
-0.02484 -0.008377 -0.228986 0.556419 0.074541 -0.755638 -0.240303 0.609272
-0.021486 -0.02411 -0.231591 0.922648 0.772524 -0.546007 -0.660329 0.515549
-0.005406 -0.024524 -0.229111 0.922522 0.828451 -0.092318 -0.788934 0.607471
-0.017493 -0.019304 -0.229032 0.904496 0.78694 -0.504471 -0.612445 0.6086
-0.022415 0.020644 -0.231591 0.42608 0.311552 -0.572924 0.637104 0.515549
-0.018226 0.016008 -0.229032 0.440003 0.326104 -0.529435 0.590991 0.6086
-0.006366 0.021725 -0.22911 0.426059 0.367494 -0.124973 0.784417 0.607471
-0.006167 -0.030726 -0.231691 0.93955 0.482625 -0.101779 -0.851558 0.514267
0.007585 -0.022381 -0.229196 0.939539 0.538095 0.348918 -0.714621 0.60625
-0.005406 -0.024524 -0.229111 0.921641 0.497389 -0.092318 -0.788934 0.607471
-0.030798 -0.010261 -0.231532 0.321592 0.098353 -0.816279 -0.25898 0.516312
-0.02484 -0.008377 -0.228986 0.30467 0.082878 -0.755638 -0.240303 0.609272
-0.025113 0.004786 -0.228986 0.321556 0.04347 -0.764946 0.208777 0.609272
-0.031144 0.006422 -0.231532 0.332824 0.426726 -0.826319 0.224891 0.516312
-0.025113 0.004786 -0.228986 0.348198 0.44246 -0.764946 0.208777 0.609272
-0.018226 0.016008 -0.229032 0.332871 0.482059 -0.529435 0.590991 0.6086
0.022015 0.015194 -0.23188 0.965194 0.595223 0.713706 0.478133 0.511856
0.01683 0.011707 -0.229261 0.981151 0.60384 0.661855 0.442122 0.605335
0.020801 -0.000846 -0.229285 0.965264 0.644454 0.796045 0.016511 0.604968
0.02268 -0.016823 -0.231881 0.332824 0.537413 0.732933 -0.448103 0.511826
0.020801 -0.000846 -0.229285 0.3329 0.482059 0.796045 0.016511 0.604968
0.017354 -0.013554 -0.229261 0.348337 0.521595 0.679617 -0.414289 0.605335
-0.007383 0.02789 -0.23169 0.425701 0.367494 -0.136998 0.846583 0.514298
-0.006366 0.021725 -0.22911 0.440003 0.378411 -0.124973 0.784417 0.607471
0.006703 0.020122 -0.229196 0.429872 0.422309 0.31901 0.728446 0.60625
0.010298 -0.02801 -0.231799 0.084624 0.044527 0.374889 -0.77224 0.512894
0.017354 -0.013554 -0.229261 0.084577 0.099411 0.679617 -0.414289 0.605335
0.007585 -0.022381 -0.229196 0.067572 0.059998 0.348918 -0.714621 0.60625
-0.031144 0.006422 -0.236333 0.987834 0.22925 -0.736595 0.198798 -0.646413
-0.031144 0.006422 -0.231532 0.972198 0.224077 -0.826319 0.224891 0.516312
-0.022415 0.020644 -0.231591 0.987803 0.185462 -0.572924 0.637104 0.515549
0.022015 0.015194 -0.236681 0.955377 0.702296 0.628925 0.425031 -0.65096
0.022015 0.015194 -0.23188 0.939548 0.697751 0.713706 0.478133 0.511856
0.027048 -0.000717 -0.231911 0.955345 0.64265 0.859096 0.017823 0.511429
0.02268 -0.016823 -0.236682 0.965378 0.181043 0.646016 -0.398572 -0.65096
0.027048 -0.000717 -0.231911 0.965401 0.131826 0.859096 0.017823 0.511429
0.02268 -0.016823 -0.231881 0.98114 0.17627 0.732933 -0.448103 0.511826
-0.007383 0.02789 -0.236491 0.972039 0.940902 -0.127201 0.750511 -0.648457
-0.007383 0.02789 -0.23169 0.956388 0.935777 -0.136998 0.846583 0.514298
0.00918 0.025858 -0.231798 0.972023 0.884896 0.34257 0.787103 0.512894
0.010298 -0.02801 -0.2366 0.971102 0.644853 0.327219 -0.685965 -0.649892
0.02268 -0.016823 -0.231881 0.971018 0.702296 0.732933 -0.448103 0.511826
0.010298 -0.02801 -0.231799 0.955377 0.64976 0.374889 -0.77224 0.512894
0.00918 0.025858 -0.236599 0.708641 0.070961 0.298502 0.698935 -0.649892
0.00918 0.025858 -0.231798 0.692826 0.066367 0.34257 0.787103 0.512894
0.022015 0.015194 -0.23188 0.708645 0.019576 0.713706 0.478133 0.511856
-0.030798 -0.010261 -0.236333 0.942255 0.764361 -0.727714 -0.229194 -0.646413
-0.021486 -0.02411 -0.231591 0.942351 0.706105 -0.546007 -0.660329 0.515549
-0.030798 -0.010261 -0.231532 0.957993 0.759527 -0.816279 -0.25898 0.516312
-0.021486 -0.02411 -0.236392 0.977762 0.875531 -0.48912 -0.584735 -0.647175
-0.006167 -0.030726 -0.231691 0.97778 0.831873 -0.101779 -0.851558 0.514267
-0.021486 -0.02411 -0.231591 0.992599 0.868393 -0.546007 -0.660329 0.515549
-0.022415 0.020644 -0.236392 0.956547 0.243877 -0.512925 0.563952 -0.647175
-0.022415 0.020644 -0.231591 0.940663 0.239526 -0.572924 0.637104 0.515549
-0.007383 0.02789 -0.23169 0.956525 0.185462 -0.136998 0.846583 0.514298
-0.006167 -0.030726 -0.236492 0.956261 0.942455 -0.095981 -0.75512 -0.648457
0.010298 -0.02801 -0.231799 0.956107 0.999751 0.374889 -0.77224 0.512894
-0.006167 -0.030726 -0.231691 0.940366 0.94678 -0.101779 -0.851558 0.514267
-0.030798 -0.010261 -0.236333 0.971708 0.827162 -0.727714 -0.229194 -0.646413
-0.030798 -0.010261 -0.231532 0.956041 0.8221 -0.816279 -0.25898 0.516312
-0.031144 0.006422 -0.231532 0.971553 0.770036 -0.826319 0.224891 0.516312
-0.002561 -0.001331 -0.236519 0.523635 0.532501 -0.006531 -0.000122 -0.999969
0.02268 -0.016823 -0.236682 0.495059 0.434798 0.646016 -0.398572 -0.65096
0.010298 -0.02801 -0.2366 0.552416 0.434859 0.327219 -0.685965 -0.649892
-0.002561 -0.001331 -0.236519 0.55251 0.532501 -0.006531 -0.000122 -0.999969
0.00918 0.025858 -0.236599 0.552416 0.430707 0.298502 0.698935 -0.649892
0.022015 0.015194 -0.236681 0.607466 0.446818 0.628925 0.425031 -0.65096
-0.002561 -0.001331 -0.236519 0.662448 0.430708 -0.006531 -0.000122 -0.999969
-0.021486 -0.02411 -0.236392 0.662512 0.532501 -0.48912 -0.584735 -0.647175
-0.030798 -0.010261 -0.236333 0.607466 0.516377 -0.727714 -0.229194 -0.646413
-0.002561 -0.001331 -0.236519 0.19443 0.338525 -0.006531 -0.000122 -0.999969
-0.006167 -0.030726 -0.236492 0.223198 0.436171 -0.095981 -0.75512 -0.648457
-0.021486 -0.02411 -0.236392 0.16584 0.436221 -0.48912 -0.584735 -0.647175
-0.002561 -0.001331 -0.236519 0.056127 0.534921 -0.006531 -0.000122 -0.999969
-0.022415 0.020644 -0.236392 0.00123 0.449197 -0.512925 0.563952 -0.647175
-0.007383 0.02789 -0.236491 0.05629 0.433126 -0.127201 0.750511 -0.648457
-0.002561 -0.001331 -0.236519 0.194376 0.436221 -0.006531 -0.000122 -0.999969
0.010298 -0.02801 -0.2366 0.223198 0.533851 0.327219 -0.685965 -0.649892
-0.006167 -0.030726 -0.236492 0.16584 0.533934 -0.095981 -0.75512 -0.648457
-0.002561 -0.001331 -0.236519 0.52376 0.337121 -0.006531 -0.000122 -0.999969
-0.030798 -0.010261 -0.236333 0.552416 0.434798 -0.727714 -0.229194 -0.646413
-0.031144 0.006422 -0.236333 0.495061 0.434786 -0.736595 0.198798 -0.646413
-0.002561 -0.001331 -0.236519 0.440114 0.430707 -0.006531 -0.000122 -0.999969
-0.031144 0.006422 -0.236333 0.495058 0.516399 -0.736595 0.198798 -0.646413
-0.022415 0.020644 -0.236392 0.440007 0.532501 -0.512925 0.563952 -0.647175
-0.002561 -0.001331 -0.236519 0.084975 0.433127 -0.006531 -0.000122 -0.999969
0.022015 0.015194 -0.236681 0.05629 0.335458 0.628925 0.425031 -0.65096
0.027048 -0.000717 -0.236712 0.113648 0.335453 0.758568 0.015748 -0.651357
-0.002561 -0.001331 -0.236519 0.277711 0.532519 -0.006531 -0.000122 -0.999969
0.027048 -0.000717 -0.236712 0.277733 0.430724 0.758568 0.015748 -0.651357
0.02268 -0.016823 -0.236682 0.332765 0.446894 0.646016 -0.398572 -0.65096
-0.002561 -0.001331 -0.236519 0.11114 0.534921 -0.006531 -0.000122 -0.999969
-0.007383 0.02789 -0.236491 0.05629 0.449167 -0.127201 0.750511 -0.648457
0.00918 0.025858 -0.236599 0.111359 0.433127 0.298502 0.698935 -0.649892
-0.025113 0.004786 -0.219815 0.956374 0.595193 -0.899564 0.243233 -0.362712
-0.022184 0.020389 -0.212807 0.956273 0.54066 -0.638112 0.701926 -0.316355
-0.018226 0.016008 -0.219862 0.972565 0.552932 -0.626026 0.690085 -0.363018
-0.018226 0.016008 -0.219862 0.904579 0.647023 -0.626026 0.690085 -0.363018
-0.007327 0.02755 -0.212904 0.904496 0.595643 -0.157903 0.933378 -0.322245
-0.006366 0.021725 -0.21994 0.924325 0.607194 -0.154088 0.918699 -0.363567
-0.005406 -0.024524 -0.21994 0.904507 0.706105 -0.115879 -0.924314 -0.363567
0.007585 -0.022381 -0.220026 0.924842 0.744674 0.402295 -0.83993 -0.364147
0.010148 -0.027699 -0.213012 0.904496 0.75511 0.406812 -0.85229 -0.328684
0.017354 -0.013554 -0.22009 0.973205 0.131826 0.792901 -0.488174 -0.364605
0.020801 -0.000846 -0.220115 0.957197 0.089496 0.930876 0.019318 -0.364757
0.026703 -0.000724 -0.213123 0.97326 0.077356 0.941862 0.019562 -0.335398
-0.025113 0.004786 -0.219815 0.026101 0.113939 -0.899564 0.243233 -0.362712
-0.02484 -0.008377 -0.219815 0.005477 0.076363 -0.888699 -0.280374 -0.362712
-0.030469 -0.010157 -0.212749 0.026158 0.066574 -0.905881 -0.285379 -0.312876
0.007585 -0.022381 -0.220026 0.92176 0.349345 0.402295 -0.83993 -0.364147
0.017354 -0.013554 -0.22009 0.93835 0.389287 0.792901 -0.488174 -0.364605
0.022386 -0.016642 -0.213093 0.921651 0.408676 0.802332 -0.494919 -0.333598
-0.017493 -0.019304 -0.219862 0.972484 0.474318 -0.596912 -0.715445 -0.363018
-0.005406 -0.024524 -0.21994 0.956289 0.432059 -0.115879 -0.924314 -0.363567
-0.006125 -0.030384 -0.212905 0.972537 0.419863 -0.119083 -0.939116 -0.322275
0.01683 0.011707 -0.22009 0.90454 0.884896 0.771966 0.520676 -0.364574
0.026703 -0.000724 -0.213123 0.904496 0.828451 0.941862 0.019562 -0.335398
0.020801 -0.000846 -0.220115 0.922741 0.843495 0.930876 0.019318 -0.364757
-0.006366 0.021725 -0.21994 0.924569 0.243877 -0.154088 0.918699 -0.363567
0.009043 0.025542 -0.213012 0.924556 0.184346 0.371136 0.868435 -0.328684
0.006703 0.020122 -0.220025 0.940663 0.205085 0.367168 0.855892 -0.364147
-0.02484 -0.008377 -0.219815 0.921533 0.706105 -0.888699 -0.280374 -0.362712
-0.017493 -0.019304 -0.219862 0.904496 0.665624 -0.596912 -0.715445 -0.363018
-0.021266 -0.023845 -0.212806 0.921486 0.647023 -0.608448 -0.727775 -0.316355
0.006703 0.020122 -0.220025 0.89453 0.076189 0.367168 0.855892 -0.364147
0.021729 0.015001 -0.213093 0.881193 0.038545 0.781121 0.527757 -0.333567
0.01683 0.011707 -0.22009 0.904493 0.038513 0.771966 0.520676 -0.364574
0.01683 0.011707 -0.229261 0.165846 0.272496 0.661855 0.442122 0.605335
0.020801 -0.000846 -0.220115 0.16584 0.217394 0.930876 0.019318 -0.364757
0.020801 -0.000846 -0.229285 0.191661 0.235361 0.796045 0.016511 0.604968
0.017354 -0.013554 -0.229261 0.191643 0.152785 0.679617 -0.414289 0.605335
0.020801 -0.000846 -0.229285 0.167092 0.124836 0.796045 0.016511 0.604968
0.020801 -0.000846 -0.220115 0.191661 0.105191 0.930876 0.019318 -0.364757
-0.006366 0.021725 -0.22911 0.470125 0.220976 -0.124973 0.784417 0.607471
0.006703 0.020122 -0.220025 0.470089 0.168044 0.367168 0.855892 -0.364147
0.006703 0.020122 -0.229196 0.495059 0.18718 0.31901 0.728446 0.60625
0.007585 -0.022381 -0.229196 0.804078 0.267863 0.348918 -0.714621 0.60625
0.017354 -0.013554 -0.229261 0.829341 0.302968 0.679617 -0.414289 0.605335
0.017354 -0.013554 -0.22009 0.804043 0.32168 0.792901 -0.488174 -0.364605
0.006703 0.020122 -0.229196 0.249622 0.190562 0.31901 0.728446 0.60625
0.01683 0.011707 -0.22009 0.249678 0.14155 0.771966 0.520676 -0.364574
0.01683 0.011707 -0.229261 0.274645 0.160687 0.661855 0.442122 0.605335
-0.02484 -0.008377 -0.228986 0.275005 0.244918 -0.755638 -0.240303 0.609272
-0.017493 -0.019304 -0.229032 0.249622 0.209075 -0.504471 -0.612445 0.6086
-0.017493 -0.019304 -0.219862 0.275045 0.190562 -0.596912 -0.715445 -0.363018
-0.017493 -0.019304 -0.229032 0.464186 0.111849 -0.504471 -0.612445 0.6086
-0.005406 -0.024524 -0.229111 0.442767 0.089304 -0.092318 -0.788934 0.607471
-0.005406 -0.024524 -0.21994 0.464161 0.066253 -0.115879 -0.924314 -0.363567
-0.018226 0.016008 -0.229032 0.066615 0.263224 -0.529435 0.590991 0.6086
-0.006366 0.021725 -0.21994 0.066504 0.209229 -0.154088 0.918699 -0.363567
-0.006366 0.021725 -0.22911 0.092437 0.227038 -0.124973 0.784417 0.607471
-0.005406 -0.024524 -0.229111 0.552446 0.171087 -0.092318 -0.788934 0.607471
0.007585 -0.022381 -0.229196 0.578221 0.206254 0.348918 -0.714621 0.60625
0.007585 -0.022381 -0.220026 0.552416 0.224261 0.402295 -0.83993 -0.364147
-0.02484 -0.008377 -0.228986 0.005529 0.223045 -0.755638 -0.240303 0.609272
-0.025113 0.004786 -0.219815 0.005477 0.169303 -0.899564 0.243233 -0.362712
-0.025113 0.004786 -0.228986 0.030573 0.188258 -0.764946 0.208777 0.609272
-0.025113 0.004786 -0.228986 0.225541 0.122572 -0.764946 0.208777 0.609272
-0.018226 0.016008 -0.219862 0.225573 0.078571 -0.626026 0.690085 -0.363018
-0.018226 0.016008 -0.229032 0.249003 0.099564 -0.529435 0.590991 0.6086
0.00918 0.025858 -0.231798 0.939832 0.41726 0.34257 0.787103 0.512894
0.01683 0.011707 -0.229261 0.956289 0.466684 0.661855 0.442122 0.605335
0.022015 0.015194 -0.23188 0.939839 0.474318 0.713706 0.478133 0.511856
-0.030798 -0.010261 -0.231532 0.504387 0.150104 -0.816279 -0.25898 0.516312
-0.021486 -0.02411 -0.231591 0.519942 0.204197 -0.546007 -0.660329 0.515549
-0.017493 -0.019304 -0.229032 0.496763 0.204181 -0.504471 -0.612445 0.6086
-0.021486 -0.02411 -0.231591 0.042034 0.165317 -0.546007 -0.660329 0.515549
-0.006167 -0.030726 -0.231691 0.057082 0.220665 -0.101779 -0.851558 0.514267
-0.005406 -0.024524 -0.229111 0.033872 0.220645 -0.092318 -0.788934 0.607471
-0.022415 0.020644 -0.231591 0.92214 0.41726 -0.572924 0.637104 0.515549
-0.006366 0.021725 -0.22911 0.939832 0.470331 -0.124973 0.784417 0.607471
-0.007383 0.02789 -0.23169 0.921985 0.472615 -0.136998 0.846583 0.514298
-0.006167 -0.030726 -0.231691 0.066515 0.15376 -0.101779 -0.851558 0.514267
0.010298 -0.02801 -0.231799 0.089199 0.205351 0.374889 -0.77224 0.512894
0.007585 -0.022381 -0.229196 0.066504 0.209229 0.348918 -0.714621 0.60625
-0.030798 -0.010261 -0.231532 0.298651 0.153978 -0.816279 -0.25898 0.516312
-0.025113 0.004786 -0.228986 0.276995 0.103548 -0.764946 0.208777 0.609272
-0.031144 0.006422 -0.231532 0.298643 0.099639 -0.826319 0.224891 0.516312
-0.031144 0.006422 -0.231532 0.904554 0.237518 -0.826319 0.224891 0.516312
-0.018226 0.016008 -0.229032 0.924512 0.289126 -0.529435 0.590991 0.6086
-0.022415 0.020644 -0.231591 0.904493 0.291334 -0.572924 0.637104 0.515549
0.022015 0.015194 -0.23188 0.921624 0.647023 0.713706 0.478133 0.511856
0.020801 -0.000846 -0.229285 0.939548 0.692876 0.796045 0.016511 0.604968
0.027048 -0.000717 -0.231911 0.921533 0.702296 0.859096 0.017823 0.511429
0.02268 -0.016823 -0.231881 0.910478 0.344797 0.732933 -0.448103 0.511826
0.027048 -0.000717 -0.231911 0.904493 0.291338 0.859096 0.017823 0.511429
0.020801 -0.000846 -0.229285 0.924822 0.291334 0.796045 0.016511 0.604968
-0.007383 0.02789 -0.23169 0.939871 0.538095 -0.136998 0.846583 0.514298
0.006703 0.020122 -0.229196 0.956273 0.590564 0.31901 0.728446 0.60625
0.00918 0.025858 -0.231798 0.939884 0.595193 0.34257 0.787103 0.512894
0.010298 -0.02801 -0.231799 0.055539 0.110914 0.374889 -0.77224 0.512894
0.02268 -0.016823 -0.231881 0.055668 0.165317 0.732933 -0.448103 0.511826
0.017354 -0.013554 -0.229261 0.033872 0.16134 0.679617 -0.414289 0.605335
-0.031144 0.006422 -0.236333 0.941489 0.073569 -0.736595 0.198798 -0.646413
-0.022415 0.020644 -0.231591 0.941458 0.029782 -0.572924 0.637104 0.515549
-0.022415 0.020644 -0.236392 0.957094 0.034955 -0.512925 0.563952 -0.647175
0.022015 0.015194 -0.236681 0.938382 0.408676 0.628925 0.425031 -0.65096
0.027048 -0.000717 -0.231911 0.93835 0.34903 0.859096 0.017823 0.511429
0.027048 -0.000717 -0.236712 0.954179 0.353576 0.758568 0.015748 -0.651357
0.02268 -0.016823 -0.236682 0.985644 0.398247 0.646016 -0.398572 -0.65096
0.027048 -0.000717 -0.236712 0.969904 0.353803 0.758568 0.015748 -0.651357
0.027048 -0.000717 -0.231911 0.985666 0.34903 0.859096 0.017823 0.511429
-0.007383 0.02789 -0.236491 0.956562 0.241468 -0.127201 0.750511 -0.648457
0.00918 0.025858 -0.231798 0.956547 0.185462 0.34257 0.787103 0.512894
0.00918 0.025858 -0.236599 0.972198 0.190587 0.298502 0.698935 -0.649892
0.010298 -0.02801 -0.2366 0.954262 0.34903 0.327219 -0.685965 -0.649892
0.02268 -0.016823 -0.236682 0.969904 0.401566 0.646016 -0.398572 -0.65096
0.02268 -0.016823 -0.231881 0.954179 0.406473 0.732933 -0.448103 0.511826
0.00918 0.025858 -0.236599 0.667826 0.070961 0.298502 0.698935 -0.649892
0.022015 0.015194 -0.23188 0.66783 0.019576 0.713706 0.478133 0.511856
0.022015 0.015194 -0.236681 0.683645 0.024171 0.628925 0.425031 -0.65096
-0.030798 -0.010261 -0.236333 0.957101 0.131826 -0.727714 -0.229194 -0.646413
-0.021486 -0.02411 -0.236392 0.941458 0.078404 -0.48912 -0.584735 -0.647175
-0.021486 -0.02411 -0.231591 0.957197 0.07357 -0.546007 -0.660329 0.515549
-0.021486 -0.02411 -0.236392 0.989409 0.342269 -0.48912 -0.584735 -0.647175
-0.006167 -0.030726 -0.236492 0.974589 0.305749 -0.095981 -0.75512 -0.648457
-0.006167 -0.030726 -0.231691 0.989426 0.298611 -0.101779 -0.851558 0.514267
-0.022415 0.020644 -0.236392 0.940179 0.828451 -0.512925 0.563952 -0.647175
-0.007383 0.02789 -0.23169 0.940157 0.770036 -0.136998 0.846583 0.514298
-0.007383 0.02789 -0.236491 0.956041 0.774387 -0.127201 0.750511 -0.648457
-0.006167 -0.030726 -0.236492 0.942447 0.290241 -0.095981 -0.75512 -0.648457
0.010298 -0.02801 -0.2366 0.958188 0.343212 0.327219 -0.685965 -0.649892
0.010298 -0.02801 -0.231799 0.942293 0.347537 0.374889 -0.77224 0.512894
-0.030798 -0.010261 -0.236333 0.956416 0.999751 -0.727714 -0.229194 -0.646413
-0.031144 0.006422 -0.231532 0.956261 0.942626 -0.826319 0.224891 0.516312
-0.031144 0.006422 -0.236333 0.971928 0.947687 -0.736595 0.198798 -0.646413
0.000905 -0.028943 -0.068493 0.406946 0.038365 0.020508 -0.999481 -0.024262
-0.006582 -0.028072 -0.068444 0.42535 0.026154 -0.249886 -0.967986 -0.022736
0.000844 -0.028428 -0.079169 0.425305 0.069952 0.020569 -0.998596 -0.048219
-0.006582 -0.028072 -0.068444 0.034516 0.022432 -0.249886 -0.967986 -0.022736
-0.006502 -0.027574 -0.079121 0.052532 0.054249 -0.24958 -0.967193 -0.046968
0.000844 -0.028428 -0.079169 0.034471 0.06623 0.020569 -0.998596 -0.048219
-0.006582 -0.028072 -0.068444 0.981151 0.604112 -0.249886 -0.967986 -0.022736
-0.013556 -0.025213 -0.068399 0.996378 0.595223 -0.501785 -0.864711 -0.021363
-0.006502 -0.027574 -0.079121 0.996371 0.637358 -0.24958 -0.967193 -0.046968
-0.013556 -0.025213 -0.068399 0.98267 0.245403 -0.501785 -0.864711 -0.021363
-0.013346 -0.024768 -0.079076 0.997604 0.278811 -0.501328 -0.86404 -0.045808
-0.006502 -0.027574 -0.079121 0.982664 0.287538 -0.24958 -0.967193 -0.046968
-0.013556 -0.025213 -0.068399 0.386312 0.038936 -0.501785 -0.864711 -0.021363
-0.0195 -0.020579 -0.068361 0.405696 0.028628 -0.716453 -0.697317 -0.020234
-0.013346 -0.024768 -0.079076 0.405655 0.069952 -0.501328 -0.86404 -0.045808
-0.0195 -0.020579 -0.068361 0.46909 0.022578 -0.716453 -0.697317 -0.020234
-0.01918 -0.020219 -0.079039 0.488077 0.053784 -0.715873 -0.696768 -0.044862
-0.013346 -0.024768 -0.079076 0.469049 0.063901 -0.501328 -0.86404 -0.045808
-0.0195 -0.020579 -0.068361 0.828845 0.051754 -0.716453 -0.697317 -0.020234
-0.023973 -0.014513 -0.068332 0.849758 0.038337 -0.877987 -0.478225 -0.019379
-0.01918 -0.020219 -0.079039 0.84971 0.081738 -0.715873 -0.696768 -0.044862
-0.023973 -0.014513 -0.068332 0.225589 0.03517 -0.877987 -0.478225 -0.019379
-0.02357 -0.014266 -0.079012 0.246067 0.065406 -0.877316 -0.477828 -0.04413
-0.01918 -0.020219 -0.079039 0.225541 0.078571 -0.715873 -0.696768 -0.044862
-0.023973 -0.014513 -0.068332 0.469049 0.078788 -0.877987 -0.478225 -0.019379
-0.026644 -0.007464 -0.068315 0.490249 0.063901 -0.974487 -0.223609 -0.018952
-0.02357 -0.014266 -0.079012 0.490263 0.108513 -0.877316 -0.477828 -0.04413
-0.026644 -0.007464 -0.068315 0.924583 0.131826 -0.974487 -0.223609 -0.018952
-0.02619 -0.007349 -0.078994 0.9454 0.161826 -0.973724 -0.223395 -0.043764
-0.02357 -0.014266 -0.079012 0.924597 0.176438 -0.877316 -0.477828 -0.04413
-0.026644 -0.007464 -0.068315 0.143626 0.060573 -0.974487 -0.223609 -0.018952
-0.027314 4.4e-005 -0.068313 0.164056 0.046082 -0.998688 0.047517 -0.018921
-0.02619 -0.007349 -0.078994 0.164072 0.090827 -0.973724 -0.223395 -0.043764
-0.027314 4.4e-005 -0.068313 0.945361 0.243877 -0.998688 0.047517 -0.018921
-0.026848 1.8e-005 -0.078992 0.965423 0.2744 -0.997894 0.047456 -0.043641
-0.02619 -0.007349 -0.078994 0.945376 0.288622 -0.973724 -0.223395 -0.043764
-0.027314 4.4e-005 -0.068313 0.708645 0.03949 -0.998688 0.047517 -0.018921
-0.025934 0.007454 -0.068322 0.727234 0.027097 -0.948851 0.315104 -0.019227
-0.026848 1.8e-005 -0.078992 0.727186 0.070961 -0.997894 0.047456 -0.043641
-0.025934 0.007454 -0.068322 0.582419 0.023778 -0.948851 0.315104 -0.019227
-0.025495 0.00729 -0.079002 0.600618 0.055484 -0.948119 0.314859 -0.043825
-0.026848 1.8e-005 -0.078992 0.582371 0.067641 -0.997894 0.047456 -0.043641
-0.025934 0.007454 -0.068322 0.974107 0.726173 -0.948851 0.315104 -0.019227
-0.022606 0.014216 -0.068345 0.989606 0.71704 -0.828669 0.559343 -0.01999
-0.025495 0.00729 -0.079002 0.989621 0.759276 -0.948119 0.314859 -0.043825
-0.022606 0.014216 -0.068345 0.98114 0.131826 -0.828669 0.559343 -0.01999
-0.022228 0.013927 -0.079023 0.996363 0.165093 -0.827937 0.559008 -0.044435
-0.025495 0.00729 -0.079002 0.981155 0.174062 -0.948119 0.314859 -0.043825
-0.022606 0.014216 -0.068345 0.444931 0.035173 -0.828669 0.559343 -0.01999
-0.017577 0.019831 -0.068379 0.464164 0.025141 -0.646992 0.762169 -0.021088
-0.022228 0.013927 -0.079023 0.464186 0.066253 -0.827937 0.559008 -0.044435
-0.017577 0.019831 -0.068379 0.555662 0.019402 -0.646992 0.762169 -0.021088
-0.017292 0.019437 -0.079057 0.574559 0.050672 -0.646413 0.76162 -0.045289
-0.022228 0.013927 -0.079023 0.555684 0.060515 -0.827937 0.559008 -0.044435
-0.017577 0.019831 -0.068379 0.94108 0.854908 -0.646992 0.762169 -0.021088
-0.011219 0.023879 -0.068421 0.961933 0.841663 -0.417432 0.908414 -0.02237
-0.017292 0.019437 -0.079057 0.961951 0.884896 -0.646413 0.76162 -0.045289
-0.011219 0.023879 -0.068421 0.093842 0.03443 -0.417432 0.908414 -0.02237
-0.011053 0.02341 -0.079098 0.114324 0.064666 -0.417035 0.907682 -0.046327
-0.017292 0.019437 -0.079057 0.09386 0.077663 -0.646413 0.76162 -0.045289
-0.011219 0.023879 -0.068421 0.202899 0.07493 -0.417432 0.908414 -0.02237
-0.004006 0.026063 -0.068468 0.224153 0.060144 -0.156896 0.987304 -0.023865
-0.011053 0.02341 -0.079098 0.224117 0.104654 -0.417035 0.907682 -0.046327
-0.004006 0.026063 -0.068468 0.786911 0.05322 -0.156896 0.987304 -0.023865
-0.003974 0.025553 -0.079144 0.807732 0.083217 -0.156621 0.98648 -0.047609
-0.011053 0.02341 -0.079098 0.786875 0.09773 -0.417035 0.907682 -0.046327
-0.004006 0.026063 -0.068468 0.635265 0.066502 -0.156896 0.987304 -0.023865
0.00353 0.02622 -0.068517 0.655813 0.051963 0.11536 0.992981 -0.025391
-0.003974 0.025553 -0.079144 0.65581 0.096689 -0.156621 0.98648 -0.047609
0.00353 0.02622 -0.068517 0.528567 0.036229 0.11536 0.992981 -0.025391
0.003421 0.025706 -0.079193 0.548728 0.066691 0.11536 0.992096 -0.048891
-0.003974 0.025553 -0.079144 0.528563 0.080955 -0.156621 0.98648 -0.047609
0.00353 0.02622 -0.068517 0.730688 0.039604 0.11536 0.992981 -0.025391
0.010828 0.024336 -0.068565 0.749465 0.027055 0.378948 0.925016 -0.026826
0.003421 0.025706 -0.079193 0.749427 0.070961 0.11536 0.992096 -0.048891
0.010828 0.024336 -0.068565 0.367921 0.026046 0.378948 0.925016 -0.026826
0.010583 0.023859 -0.07924 0.386312 0.057637 0.378613 0.924161 -0.05002
0.003421 0.025706 -0.079193 0.367882 0.069952 0.11536 0.992096 -0.048891
0.010828 0.024336 -0.068565 0.276995 0.023054 0.378948 0.925016 -0.026826
0.017348 0.020555 -0.068607 0.295079 0.014975 0.614429 0.788446 -0.028108
0.010583 0.023859 -0.07924 0.295023 0.054854 0.378613 0.924161 -0.05002
0.017348 0.020555 -0.068607 0.76131 0.010868 0.614429 0.788446 -0.028108
0.016982 0.020148 -0.079281 0.779002 0.042816 0.613941 0.787683 -0.051149
0.010583 0.023859 -0.07924 0.761254 0.050746 0.378613 0.924161 -0.05002
0.017348 0.020555 -0.068607 0.860859 0.045814 0.614429 0.788446 -0.028108
0.022606 0.015154 -0.068641 0.881193 0.033897 0.804437 0.59331 -0.029115
0.016982 0.020148 -0.079281 0.881133 0.076189 0.613941 0.787683 -0.051149
0.022606 0.015154 -0.068641 0.324912 0.030704 0.804437 0.59331 -0.029115
0.022142 0.014847 -0.079314 0.344808 0.061301 0.803705 0.59273 -0.052004
0.016982 0.020148 -0.079281 0.324852 0.072996 0.613941 0.787683 -0.051149
0.022606 0.015154 -0.068641 0.924325 0.609968 0.804437 0.59331 -0.029115
0.026211 0.008535 -0.068663 0.945535 0.595643 0.93469 0.354198 -0.029786
0.022142 0.014847 -0.079314 0.945516 0.639682 0.803705 0.59273 -0.052004
0.026211 0.008535 -0.068663 0.761273 0.050746 0.93469 0.354198 -0.029786
0.02568 0.008351 -0.079336 0.782071 0.080729 0.933805 0.353862 -0.052553
0.022142 0.014847 -0.079314 0.761254 0.094785 0.803705 0.59273 -0.052004
0.026211 0.008535 -0.068663 0.276995 0.069785 0.93469 0.354198 -0.029786
0.027897 0.001189 -0.068674 0.297948 0.054854 0.995575 0.08887 -0.03003
0.02568 0.008351 -0.079336 0.297976 0.099639 0.933805 0.353862 -0.052553
0.027897 0.001189 -0.068674 0.114798 0.052568 0.995575 0.08887 -0.03003
0.027334 0.001142 -0.079346 0.135386 0.082697 0.994629 0.088778 -0.052828
0.02568 0.008351 -0.079336 0.114825 0.097354 0.933805 0.353862 -0.052553
0.027897 0.001189 -0.068674 0.945535 0.608935 0.995575 0.08887 -0.03003
0.027539 -0.00634 -0.06867 0.965194 0.595223 0.982635 -0.18305 -0.029878
0.027334 0.001142 -0.079346 0.965189 0.639682 0.994629 0.088778 -0.052828
0.027539 -0.00634 -0.06867 0.904498 0.034798 0.982635 -0.18305 -0.029878
0.026983 -0.006247 -0.079343 0.923788 0.0658 0.981719 -0.182867 -0.052767
0.027334 0.001142 -0.079346 0.904493 0.079256 0.994629 0.088778 -0.052828
0.027539 -0.00634 -0.06867 0.965423 0.256389 0.982635 -0.18305 -0.029878
0.025163 -0.013493 -0.068654 0.982664 0.245403 0.896786 -0.44145 -0.029328
0.026983 -0.006247 -0.079343 0.982578 0.288622 0.981719 -0.182867 -0.052767
0.025163 -0.013493 -0.068654 0.207322 0.016925 0.896786 -0.44145 -0.029328
0.024651 -0.013266 -0.079326 0.224153 0.049365 0.895962 -0.440992 -0.05237
0.026983 -0.006247 -0.079343 0.207236 0.060144 0.981719 -0.182867 -0.052767
0.025163 -0.013493 -0.068654 0.348337 0.039 0.896786 -0.44145 -0.029328
0.020945 -0.01974 -0.068625 0.367882 0.028442 0.744377 -0.667135 -0.028413
0.024651 -0.013266 -0.079326 0.367788 0.069952 0.895962 -0.440992 -0.05237
0.020945 -0.01974 -0.068625 0.007069 0.025064 0.744377 -0.667135 -0.028413
0.020511 -0.019397 -0.079299 0.026158 0.056214 0.743736 -0.666433 -0.051607
0.024651 -0.013266 -0.079326 0.006975 0.066574 0.895962 -0.440992 -0.05237
0.020945 -0.01974 -0.068625 0.253614 0.057725 0.744377 -0.667135 -0.028413
0.015198 -0.024616 -0.068587 0.274556 0.044103 0.53676 -0.843257 -0.027192
0.020511 -0.019397 -0.079299 0.274578 0.087646 0.743736 -0.666433 -0.051607
0.015198 -0.024616 -0.068587 0.808194 0.035718 0.53676 -0.843257 -0.027192
0.014872 -0.024182 -0.079261 0.828766 0.06589 0.536332 -0.842463 -0.05063
0.020511 -0.019397 -0.079299 0.808216 0.07926 0.743736 -0.666433 -0.051607
0.015198 -0.024616 -0.068587 0.034471 0.081125 0.53676 -0.843257 -0.027192
0.008349 -0.027762 -0.068542 0.055668 0.06623 0.289346 -0.956847 -0.025788
0.014872 -0.024182 -0.079261 0.055594 0.110914 0.536332 -0.842463 -0.05063
0.008349 -0.027762 -0.068542 0.92463 0.243877 0.289346 -0.956847 -0.025788
0.00815 -0.027269 -0.079217 0.945361 0.273944 0.289193 -0.955962 -0.049471
0.014872 -0.024182 -0.079261 0.924556 0.288561 0.536332 -0.842463 -0.05063
0.008349 -0.027762 -0.068542 0.496763 0.055113 0.289346 -0.956847 -0.025788
0.000905 -0.028943 -0.068493 0.517122 0.040749 0.020508 -0.999481 -0.024262
0.00815 -0.027269 -0.079217 0.51703 0.085495 0.289193 -0.955962 -0.049471
0.000905 -0.028943 -0.068493 0.945492 0.131826 0.020508 -0.999481 -0.024262
0.000844 -0.028428 -0.079169 0.965378 0.162474 0.020569 -0.998596 -0.048219
0.00815 -0.027269 -0.079217 0.9454 0.176572 0.289193 -0.955962 -0.049471
0.001034 -0.028948 -0.048723 0.033872 0.228235 0.021088 -0.997467 0.067721
-0.006457 -0.028076 -0.048674 0.054636 0.220665 -0.248726 -0.966063 0.069491
0.000905 -0.028943 -0.068493 0.05465 0.292796 0.020508 -0.999481 -0.024262
-0.006457 -0.028076 -0.048674 0.443318 0.219927 -0.248726 -0.966063 0.069491
-0.006582 -0.028072 -0.068444 0.464083 0.284492 -0.249886 -0.967986 -0.022736
0.000905 -0.028943 -0.068493 0.443333 0.292057 0.020508 -0.999481 -0.024262
-0.006457 -0.028076 -0.048674 0.426001 0.102829 -0.248726 -0.966063 0.069491
-0.013434 -0.025216 -0.048629 0.442761 0.097333 -0.500107 -0.863002 0.071078
-0.006582 -0.028072 -0.068444 0.442767 0.168546 -0.249886 -0.967986 -0.022736
-0.013434 -0.025216 -0.048629 0.639053 0.096689 -0.500107 -0.863002 0.071078
-0.013556 -0.025213 -0.068399 0.655813 0.162412 -0.501785 -0.864711 -0.021363
-0.006582 -0.028072 -0.068444 0.639059 0.167903 -0.249886 -0.967986 -0.022736
-0.013434 -0.025216 -0.048629 0.586335 0.227543 -0.500107 -0.863002 0.071078
-0.019382 -0.020579 -0.04859 0.607466 0.221535 -0.714408 -0.695944 0.07239
-0.013556 -0.025213 -0.068399 0.60739 0.292019 -0.501785 -0.864711 -0.021363
-0.019382 -0.020579 -0.04859 0.474017 0.220976 -0.714408 -0.695944 0.07239
-0.0195 -0.020579 -0.068361 0.495059 0.285455 -0.716453 -0.697317 -0.020234
-0.013556 -0.025213 -0.068399 0.473941 0.29146 -0.501785 -0.864711 -0.021363
-0.019382 -0.020579 -0.04859 0.141617 0.325129 -0.714408 -0.695944 0.07239
-0.023858 -0.014509 -0.048562 0.165105 0.316977 -0.875668 -0.477248 0.073336
-0.0195 -0.020579 -0.068361 0.165018 0.388791 -0.716453 -0.697317 -0.020234
-0.023858 -0.014509 -0.048562 0.223285 0.315562 -0.875668 -0.477248 0.073336
-0.023973 -0.014513 -0.068332 0.24667 0.379225 -0.877987 -0.478225 -0.019379
-0.0195 -0.020579 -0.068361 0.223198 0.387376 -0.716453 -0.697317 -0.020234
-0.023858 -0.014509 -0.048562 0.141616 0.470563 -0.875668 -0.477248 0.073336
-0.02653 -0.007457 -0.048546 0.16584 0.461342 -0.971954 -0.223182 0.073824
-0.023973 -0.014513 -0.068332 0.165781 0.533934 -0.877987 -0.478225 -0.019379
-0.02653 -0.007457 -0.048546 0.223256 0.459927 -0.971954 -0.223182 0.073824
-0.026644 -0.007464 -0.068315 0.247408 0.523303 -0.974487 -0.223609 -0.018952
-0.023973 -0.014513 -0.068332 0.223198 0.532519 -0.877987 -0.478225 -0.019379
-0.02653 -0.007457 -0.048546 0.607466 0.367041 -0.971954 -0.223182 0.073824
-0.0272 5.5e-005 -0.048542 0.630844 0.358012 -0.996124 0.047487 0.073824
-0.026644 -0.007464 -0.068315 0.630838 0.430708 -0.974487 -0.223609 -0.018952
-0.0272 5.5e-005 -0.048542 0.552422 0.35801 -0.996124 0.047487 0.073824
-0.027314 4.4e-005 -0.068313 0.575784 0.421686 -0.998688 0.047517 -0.018921
-0.026644 -0.007464 -0.068315 0.552416 0.430707 -0.974487 -0.223609 -0.018952
-0.0272 5.5e-005 -0.048542 0.141617 0.252485 -0.996124 0.047487 0.073824
-0.025819 0.007469 -0.048552 0.162602 0.244787 -0.946379 0.314554 0.073397
-0.027314 4.4e-005 -0.068313 0.162619 0.316977 -0.998688 0.047517 -0.018921
-0.025819 0.007469 -0.048552 0.22568 0.243372 -0.946379 0.314554 0.073397
-0.025934 0.007454 -0.068322 0.24667 0.307865 -0.948851 0.315104 -0.019227
-0.027314 4.4e-005 -0.068313 0.225697 0.315562 -0.998688 0.047517 -0.018921
-0.025819 0.007469 -0.048552 0.42622 0.226399 -0.946379 0.314554 0.073397
-0.022489 0.014235 -0.048575 0.443318 0.220772 -0.826441 0.558306 0.072481
-0.025934 0.007454 -0.068322 0.443216 0.292057 -0.948851 0.315104 -0.019227
-0.022489 0.014235 -0.048575 0.304604 0.098353 -0.826441 0.558306 0.072481
-0.022606 0.014216 -0.068345 0.321592 0.164017 -0.828669 0.559343 -0.01999
-0.025934 0.007454 -0.068322 0.304503 0.169638 -0.948851 0.315104 -0.019227
-0.022489 0.014235 -0.048575 0.630844 0.226668 -0.826441 0.558306 0.072481
-0.017458 0.019853 -0.048608 0.651746 0.220835 -0.6451 0.760735 0.0712
-0.022606 0.014216 -0.068345 0.651707 0.291203 -0.828669 0.559343 -0.01999
-0.017458 0.019853 -0.048608 0.607698 0.220744 -0.6451 0.760735 0.0712
-0.017577 0.019831 -0.068379 0.628553 0.285282 -0.646992 0.762169 -0.021088
-0.022606 0.014216 -0.068345 0.607659 0.291112 -0.828669 0.559343 -0.01999
-0.017458 0.019853 -0.048608 0.253689 0.323489 -0.6451 0.760735 0.0712
-0.011096 0.023904 -0.048651 0.277077 0.315488 -0.415937 0.906705 0.069613
-0.017577 0.019831 -0.068379 0.276905 0.387215 -0.646992 0.762169 -0.021088
-0.011096 0.023904 -0.048651 0.003622 0.293614 -0.415937 0.906705 0.069613
-0.011219 0.023879 -0.068421 0.026824 0.357345 -0.417432 0.908414 -0.02237
-0.017577 0.019831 -0.068379 0.003451 0.365342 -0.646992 0.762169 -0.021088
-0.011096 0.023904 -0.048651 0.141617 0.397975 -0.415937 0.906705 0.069613
-0.003879 0.026089 -0.048698 0.16584 0.388791 -0.155858 0.985412 0.067873
-0.011219 0.023879 -0.068421 0.165794 0.461342 -0.417432 0.908414 -0.02237
-0.003879 0.026089 -0.048698 0.223244 0.387376 -0.155858 0.985412 0.067873
-0.004006 0.026063 -0.068468 0.247408 0.450748 -0.156896 0.987304 -0.023865
-0.011219 0.023879 -0.068421 0.223198 0.459927 -0.417432 0.908414 -0.02237
-0.003879 0.026089 -0.048698 0.30926 0.36706 -0.155858 0.985412 0.067873
0.003661 0.026244 -0.048747 0.332765 0.358021 0.115787 0.991058 0.066103
-0.004006 0.026063 -0.068468 0.332644 0.430724 -0.156896 0.987304 -0.023865
0.003661 0.026244 -0.048747 0.277832 0.358021 0.115787 0.991058 0.066103
0.00353 0.02622 -0.068517 0.301204 0.421687 0.11536 0.992981 -0.025391
-0.004006 0.026063 -0.068468 0.277711 0.430724 -0.156896 0.987304 -0.023865
0.003661 0.026244 -0.048747 0.092437 0.271036 0.115787 0.991058 0.066103
0.010963 0.024361 -0.048795 0.113645 0.263224 0.378857 0.923185 0.064425
0.00353 0.02622 -0.068517 0.113648 0.335453 0.11536 0.992981 -0.025391
0.010963 0.024361 -0.048795 0.05629 0.263224 0.378857 0.923185 0.064425
0.010828 0.024336 -0.068565 0.077485 0.327647 0.378948 0.925016 -0.026826
0.00353 0.02622 -0.068517 0.056293 0.335453 0.11536 0.992981 -0.025391
0.010963 0.024361 -0.048795 0.824274 0.335107 0.378857 0.923185 0.064425
0.017486 0.020577 -0.048837 0.843584 0.330646 0.61388 0.786859 0.06296
0.010828 0.024336 -0.068565 0.843448 0.400123 0.378948 0.925016 -0.026826
0.017486 0.020577 -0.048837 0.277131 0.153978 0.61388 0.786859 0.06296
0.017348 0.020555 -0.068607 0.296294 0.219 0.614429 0.788446 -0.028108
0.010828 0.024336 -0.068565 0.276995 0.223455 0.378948 0.925016 -0.026826
0.017486 0.020577 -0.048837 0.301204 0.290234 0.61388 0.786859 0.06296
0.022747 0.015173 -0.04887 0.324774 0.290973 0.8034 0.592181 0.06183
0.017348 0.020555 -0.068607 0.301291 0.358021 0.614429 0.788446 -0.028108
0.022747 0.015173 -0.04887 0.301129 0.290234 0.8034 0.592181 0.06183
0.022606 0.015154 -0.068641 0.301204 0.358021 0.804437 0.59331 -0.029115
0.017348 0.020555 -0.068607 0.277646 0.357282 0.614429 0.788446 -0.028108
0.022747 0.015173 -0.04887 0.030684 0.365339 0.8034 0.592181 0.06183
0.026355 0.008551 -0.048894 0.05629 0.365607 0.933378 0.353557 0.061098
0.022606 0.015154 -0.068641 0.030758 0.433126 0.804437 0.59331 -0.029115
0.026355 0.008551 -0.048894 0.026762 0.365342 0.933378 0.353557 0.061098
0.026211 0.008535 -0.068663 0.026824 0.433126 0.93469 0.354198 -0.029786
0.022606 0.015154 -0.068641 0.00123 0.43286 0.804437 0.59331 -0.029115
0.026355 0.008551 -0.048894 0.253689 0.396468 0.933378 0.353557 0.061098
0.028042 0.001201 -0.048903 0.277711 0.387215 0.994171 0.088717 0.060823
0.026211 0.008535 -0.068663 0.277559 0.45991 0.93469 0.354198 -0.029786
0.028042 0.001201 -0.048903 0.1138 0.360431 0.994171 0.088717 0.060823
0.027897 0.001189 -0.068674 0.137658 0.423881 0.995575 0.08887 -0.03003
0.026211 0.008535 -0.068663 0.113648 0.433127 0.93469 0.354198 -0.029786
0.028042 0.001201 -0.048903 0.033872 0.301322 0.994171 0.088717 0.060823
0.027684 -0.006333 -0.048901 0.05629 0.292796 0.981262 -0.182653 0.061068
0.027897 0.001189 -0.068674 0.056167 0.365339 0.995575 0.08887 -0.03003
0.027684 -0.006333 -0.048901 0.11538 0.287888 0.981262 -0.182653 0.061068
0.027539 -0.00634 -0.06867 0.137658 0.351907 0.982635 -0.18305 -0.029878
0.027897 0.001189 -0.068674 0.115256 0.360431 0.995575 0.08887 -0.03003
0.027684 -0.006333 -0.048901 0.78313 0.468598 0.981262 -0.182653 0.061068
0.025306 -0.01349 -0.048884 0.80241 0.461772 0.895596 -0.440535 0.061739
0.027539 -0.00634 -0.06867 0.802241 0.533633 0.982635 -0.18305 -0.029878
0.025306 -0.01349 -0.048884 0.80258 0.461772 0.895596 -0.440535 0.061739
0.025163 -0.013493 -0.068654 0.821681 0.52681 0.896786 -0.44145 -0.029328
0.027539 -0.00634 -0.06867 0.80241 0.533633 0.982635 -0.18305 -0.029878
0.025306 -0.01349 -0.048884 0.253689 0.251072 0.895596 -0.440535 0.061739
0.021086 -0.019739 -0.048855 0.275045 0.244918 0.743553 -0.6657 0.062868
0.025163 -0.013493 -0.068654 0.274914 0.315488 0.896786 -0.44145 -0.029328
0.021086 -0.019739 -0.048855 0.005608 0.223045 0.743553 -0.6657 0.062868
0.020945 -0.01974 -0.068625 0.026824 0.287464 0.744377 -0.667135 -0.028413
0.025163 -0.013493 -0.068654 0.005477 0.293614 0.896786 -0.44145 -0.029328
0.021086 -0.019739 -0.048855 0.583876 0.367112 0.743553 -0.6657 0.062868
0.015335 -0.024619 -0.048818 0.607466 0.358837 0.536393 -0.841487 0.064272
0.020945 -0.01974 -0.068625 0.607448 0.430707 0.744377 -0.667135 -0.028413
0.015335 -0.024619 -0.048818 0.440026 0.358836 0.536393 -0.841487 0.064272
0.015198 -0.024616 -0.068587 0.463581 0.422436 0.53676 -0.843257 -0.027192
0.020945 -0.01974 -0.068625 0.440007 0.430707 0.744377 -0.667135 -0.028413
0.015335 -0.024619 -0.048818 0.112577 0.470554 0.536393 -0.841487 0.064272
0.008483 -0.027767 -0.048772 0.136798 0.461326 0.289438 -0.954894 0.06595
0.015198 -0.024616 -0.068587 0.136717 0.533934 0.53676 -0.843257 -0.027192
0.008483 -0.027767 -0.048772 0.253582 0.45991 0.289438 -0.954894 0.06595
0.008349 -0.027762 -0.068542 0.277711 0.523295 0.289346 -0.956847 -0.025788
0.015198 -0.024616 -0.068587 0.253502 0.532519 0.53676 -0.843257 -0.027192
0.008483 -0.027767 -0.048772 0.471778 0.36696 0.289438 -0.954894 0.06595
0.001034 -0.028948 -0.048723 0.495059 0.358039 0.021088 -0.997467 0.067721
0.008349 -0.027762 -0.068542 0.494932 0.430707 0.289346 -0.956847 -0.025788
0.001034 -0.028948 -0.048723 0.630971 0.358041 0.021088 -0.997467 0.067721
0.000905 -0.028943 -0.068493 0.654111 0.421793 0.020508 -0.999481 -0.024262
0.008349 -0.027762 -0.068542 0.630844 0.430708 0.289346 -0.956847 -0.025788
0.0011 -0.026478 -0.030794 0.529477 0.14432 0.021668 -0.973632 0.226966
-0.005725 -0.025684 -0.03075 0.548728 0.138421 -0.241737 -0.942991 0.228675
0.001034 -0.028948 -0.048723 0.548679 0.203359 0.021088 -0.997467 0.067721
-0.005725 -0.025684 -0.03075 0.22559 0.178434 -0.241737 -0.942991 0.228675
-0.006457 -0.028076 -0.048674 0.24667 0.236895 -0.248726 -0.966063 0.069491
0.001034 -0.028948 -0.048723 0.225541 0.243372 0.021088 -0.997467 0.067721
-0.005725 -0.025684 -0.03075 0.842052 0.465499 -0.241737 -0.942991 0.228675
-0.012082 -0.023077 -0.030709 0.857687 0.461772 -0.487197 -0.842372 0.230232
-0.006457 -0.028076 -0.048674 0.85767 0.525651 -0.248726 -0.966063 0.069491
-0.012082 -0.023077 -0.030709 0.90451 0.344797 -0.487197 -0.842372 0.230232
-0.013434 -0.025216 -0.048629 0.921651 0.404585 -0.500107 -0.863002 0.071078
-0.006457 -0.028076 -0.048674 0.904493 0.408676 -0.248726 -0.966063 0.069491
-0.012082 -0.023077 -0.030709 0.808194 0.142881 -0.487197 -0.842372 0.230232
-0.017501 -0.018852 -0.030674 0.826973 0.13595 -0.696341 -0.679312 0.231513
-0.013434 -0.025216 -0.048629 0.826814 0.202173 -0.500107 -0.863002 0.071078
-0.017501 -0.018852 -0.030674 0.803824 0.3339 -0.696341 -0.679312 0.231513
-0.019382 -0.020579 -0.04859 0.824274 0.392513 -0.714408 -0.695944 0.07239
-0.013434 -0.025216 -0.048629 0.803665 0.400123 -0.500107 -0.863002 0.071078
-0.017501 -0.018852 -0.030674 0.761254 0.209441 -0.696341 -0.679312 0.231513
-0.021579 -0.013322 -0.030648 0.782261 0.200969 -0.853755 -0.465865 0.232459
-0.019382 -0.020579 -0.04859 0.782242 0.267863 -0.714408 -0.695944 0.07239
-0.021579 -0.013322 -0.030648 0.49508 0.270226 -0.853755 -0.465865 0.232459
-0.023858 -0.014509 -0.048562 0.51812 0.327826 -0.875668 -0.477248 0.073336
-0.019382 -0.020579 -0.04859 0.495061 0.337121 -0.714408 -0.695944 0.07239
-0.021579 -0.013322 -0.030648 0.552416 0.232997 -0.853755 -0.465865 0.232459
-0.024014 -0.006897 -0.030633 0.574355 0.224261 -0.947752 -0.217872 0.232948
-0.023858 -0.014509 -0.048562 0.574214 0.291079 -0.875668 -0.477248 0.073336
-0.024014 -0.006897 -0.030633 0.583527 0.292019 -0.947752 -0.217872 0.232948
-0.02653 -0.007457 -0.048546 0.607466 0.349245 -0.971954 -0.223182 0.073824
-0.023858 -0.014509 -0.048562 0.583387 0.358837 -0.875668 -0.477248 0.073336
-0.024014 -0.006897 -0.030633 0.761254 0.275698 -0.947752 -0.217872 0.232948
-0.024625 -5.3e-005 -0.03063 0.782704 0.267863 -0.971374 0.046327 0.232978
-0.02653 -0.007457 -0.048546 0.782536 0.333964 -0.971954 -0.223182 0.073824
-0.024625 -5.3e-005 -0.03063 0.324942 0.29192 -0.971374 0.046327 0.232978
-0.0272 5.5e-005 -0.048542 0.348314 0.349424 -0.996124 0.047487 0.073824
-0.02653 -0.007457 -0.048546 0.324774 0.358021 -0.971954 -0.223182 0.073824
-0.024625 -5.3e-005 -0.03063 0.199584 0.158315 -0.971374 0.046327 0.232978
-0.023366 0.006702 -0.030639 0.219022 0.152247 -0.922819 0.307138 0.23249
-0.0272 5.5e-005 -0.048542 0.219024 0.217264 -0.996124 0.047487 0.073824
-0.023366 0.006702 -0.030639 0.782704 0.267863 -0.922819 0.307138 0.23249
-0.025819 0.007469 -0.048552 0.804043 0.326221 -0.946379 0.314554 0.073397
-0.0272 5.5e-005 -0.048542 0.782706 0.33288 -0.996124 0.047487 0.073824
-0.023366 0.006702 -0.030639 0.651746 0.231131 -0.922819 0.307138 0.23249
-0.020333 0.012867 -0.03066 0.667684 0.227264 -0.805719 0.545091 0.231605
-0.025819 0.007469 -0.048552 0.667632 0.291203 -0.946379 0.314554 0.073397
-0.020333 0.012867 -0.03066 0.904546 0.408676 -0.805719 0.545091 0.231605
-0.022489 0.014235 -0.048575 0.921985 0.468369 -0.826441 0.558306 0.072481
-0.025819 0.007469 -0.048552 0.904493 0.472615 -0.946379 0.314554 0.073397
-0.020333 0.012867 -0.03066 0.095442 0.13881 -0.805719 0.545091 0.231605
-0.015748 0.017985 -0.03069 0.114003 0.131994 -0.628742 0.742668 0.230384
-0.022489 0.014235 -0.048575 0.113952 0.198135 -0.826441 0.558306 0.072481
-0.015748 0.017985 -0.03069 0.821731 0.461772 -0.628742 0.742668 0.230384
-0.017458 0.019853 -0.048608 0.842052 0.520434 -0.6451 0.760735 0.0712
-0.022489 0.014235 -0.048575 0.821681 0.527914 -0.826441 0.558306 0.072481
-0.015748 0.017985 -0.03069 0.782766 0.341651 -0.628742 0.742668 0.230384
-0.009952 0.021676 -0.030729 0.803665 0.333261 -0.404981 0.885189 0.228858
-0.017458 0.019853 -0.048608 0.803626 0.400123 -0.6451 0.760735 0.0712
-0.009952 0.021676 -0.030729 0.529516 0.270258 -0.404981 0.885189 0.228858
-0.011096 0.023904 -0.048651 0.552416 0.327911 -0.415937 0.906705 0.069613
-0.017458 0.019853 -0.048608 0.529477 0.337121 -0.6451 0.760735 0.0712
-0.009952 0.021676 -0.030729 0.115256 0.229823 -0.404981 0.885189 0.228858
-0.003376 0.023667 -0.030772 0.137172 0.221051 -0.151128 0.962035 0.22718
-0.011096 0.023904 -0.048651 0.137091 0.287888 -0.415937 0.906705 0.069613
-0.003376 0.023667 -0.030772 0.630924 0.291203 -0.151128 0.962035 0.22718
-0.003879 0.026089 -0.048698 0.654893 0.348412 -0.155858 0.985412 0.067873
-0.011096 0.023904 -0.048651 0.630844 0.358041 -0.415937 0.906705 0.069613
-0.003376 0.023667 -0.030772 0.761254 0.341937 -0.151128 0.962035 0.22718
0.003493 0.023809 -0.030817 0.782766 0.333964 0.114048 0.967528 0.22541
-0.003879 0.026089 -0.048698 0.782744 0.400123 -0.155858 0.985412 0.067873
0.003493 0.023809 -0.030817 0.199605 0.272367 0.114048 0.967528 0.22541
0.003661 0.026244 -0.048747 0.223198 0.329776 0.115787 0.991058 0.066103
-0.003879 0.026089 -0.048698 0.199584 0.338525 -0.155858 0.985412 0.067873
0.003493 0.023809 -0.030817 0.608904 0.161815 0.114048 0.967528 0.22541
0.010146 0.022093 -0.030861 0.628553 0.155655 0.370891 0.901303 0.223762
0.003661 0.026244 -0.048747 0.62839 0.220744 0.115787 0.991058 0.066103
0.010146 0.022093 -0.030861 0.0926 0.198135 0.370891 0.901303 0.223762
0.010963 0.024361 -0.048795 0.114003 0.256463 0.378857 0.923185 0.064425
0.003661 0.026244 -0.048747 0.092437 0.263224 0.115787 0.991058 0.066103
0.010146 0.022093 -0.030861 0.904493 0.478278 0.370891 0.901303 0.223762
0.01609 0.018645 -0.030899 0.921641 0.472615 0.60036 0.768181 0.222327
0.010963 0.024361 -0.048795 0.92149 0.538095 0.378857 0.923185 0.064425
0.01609 0.018645 -0.030899 0.828996 0.136102 0.60036 0.768181 0.222327
0.017486 0.020577 -0.048837 0.847664 0.195366 0.61388 0.786859 0.06296
0.010963 0.024361 -0.048795 0.828845 0.201582 0.378857 0.923185 0.064425
0.01609 0.018645 -0.030899 0.115256 0.162202 0.60036 0.768181 0.222327
0.020883 0.013722 -0.030929 0.135305 0.154482 0.785363 0.578082 0.221229
0.017486 0.020577 -0.048837 0.135193 0.221051 0.61388 0.786859 0.06296
0.020883 0.013722 -0.030929 0.277759 0.223665 0.785363 0.578082 0.221229
0.022747 0.015173 -0.04887 0.299653 0.281762 0.8034 0.592181 0.06183
0.017486 0.020577 -0.048837 0.277646 0.290234 0.61388 0.786859 0.06296
0.020883 0.013722 -0.030929 0.761254 0.408825 0.785363 0.578082 0.221229
0.02417 0.007687 -0.03095 0.782905 0.400123 0.912229 0.345164 0.220496
0.022747 0.015173 -0.04887 0.782792 0.467055 0.8034 0.592181 0.06183
0.02417 0.007687 -0.03095 0.552529 0.291079 0.912229 0.345164 0.220496
0.026355 0.008551 -0.048894 0.576176 0.34846 0.933378 0.353557 0.061098
0.022747 0.015173 -0.04887 0.552416 0.35801 0.8034 0.592181 0.06183
0.02417 0.007687 -0.03095 0.761254 0.475554 0.912229 0.345164 0.220496
0.025708 0.00099 -0.030959 0.783117 0.467055 0.971587 0.086581 0.220252
0.026355 0.008551 -0.048894 0.78313 0.533633 0.933378 0.353557 0.061098
0.025708 0.00099 -0.030959 0.471052 0.29146 0.971587 0.086581 0.220252
0.028042 0.001201 -0.048903 0.495059 0.348711 0.994171 0.088717 0.060823
0.026355 0.008551 -0.048894 0.471065 0.358039 0.933378 0.353557 0.061098
0.025708 0.00099 -0.030959 0.808194 0.20931 0.971587 0.086581 0.220252
0.02538 -0.005873 -0.030957 0.828845 0.202173 0.958922 -0.17835 0.220466
0.028042 0.001201 -0.048903 0.828825 0.267863 0.994171 0.088717 0.060823
0.02538 -0.005873 -0.030957 0.325665 0.226229 0.958922 -0.17835 0.220466
0.027684 -0.006333 -0.048901 0.348314 0.284084 0.981262 -0.182653 0.061068
0.028042 0.001201 -0.048903 0.325646 0.29192 0.994171 0.088717 0.060823
0.02538 -0.005873 -0.030957 0.496763 0.090573 0.958922 -0.17835 0.220466
0.023214 -0.012393 -0.030941 0.514691 0.085495 0.875301 -0.429975 0.221168
0.027684 -0.006333 -0.048901 0.514547 0.150104 0.981262 -0.182653 0.061068
0.023214 -0.012393 -0.030941 0.172126 0.152785 0.875301 -0.429975 0.221168
0.025306 -0.01349 -0.048884 0.191661 0.211823 0.895596 -0.440535 0.061739
0.027684 -0.006333 -0.048901 0.171982 0.217394 0.981262 -0.182653 0.061068
0.023214 -0.012393 -0.030941 0.828845 0.208663 0.875301 -0.429975 0.221168
0.019369 -0.018088 -0.030915 0.847816 0.201582 0.72689 -0.64977 0.222236
0.025306 -0.01349 -0.048884 0.847742 0.267863 0.895596 -0.440535 0.061739
0.019369 -0.018088 -0.030915 0.141691 0.178506 0.72689 -0.64977 0.222236
0.021086 -0.019739 -0.048855 0.162439 0.237015 0.743553 -0.6657 0.062868
0.025306 -0.01349 -0.048884 0.141617 0.244787 0.895596 -0.440535 0.061739
0.019369 -0.018088 -0.030915 0.529477 0.211878 0.72689 -0.64977 0.222236
0.014131 -0.022534 -0.030881 0.550599 0.203359 0.524613 -0.821406 0.223609
0.021086 -0.019739 -0.048855 0.550584 0.270258 0.743553 -0.6657 0.062868
0.014131 -0.022534 -0.030881 0.607674 0.291112 0.524613 -0.821406 0.223609
0.015335 -0.024619 -0.048818 0.630844 0.34866 0.536393 -0.841487 0.064272
0.021086 -0.019739 -0.048855 0.607659 0.358012 0.743553 -0.6657 0.062868
0.014131 -0.022534 -0.030881 0.299653 0.232202 0.524613 -0.821406 0.223609
0.007886 -0.025401 -0.030839 0.321592 0.223455 0.283578 -0.932096 0.225257
0.015335 -0.024619 -0.048818 0.321582 0.290234 0.536393 -0.841487 0.064272
0.007886 -0.025401 -0.030839 0.440017 0.292057 0.283578 -0.932096 0.225257
0.008483 -0.027767 -0.048772 0.464083 0.349238 0.289438 -0.954894 0.06595
0.015335 -0.024619 -0.048818 0.440007 0.358836 0.536393 -0.841487 0.064272
0.007886 -0.025401 -0.030839 0.496763 0.211934 0.283578 -0.932096 0.225257
0.0011 -0.026478 -0.030794 0.51812 0.204197 0.021668 -0.973632 0.226966
0.008483 -0.027767 -0.048772 0.517995 0.270226 0.289438 -0.954894 0.06595
0.0011 -0.026478 -0.030794 0.165965 0.272496 0.021668 -0.973632 0.226966
0.001034 -0.028948 -0.048723 0.189281 0.330034 0.021088 -0.997467 0.067721
0.008483 -0.027767 -0.048772 0.16584 0.338525 0.289438 -0.954894 0.06595
0.001093 -0.021507 -0.016038 0.961951 0.835267 0.021485 -0.897702 0.440016
-0.004388 -0.020869 -0.016002 0.977762 0.831873 -0.221412 -0.869442 0.441603
0.0011 -0.026478 -0.030794 0.977632 0.884896 0.021668 -0.973632 0.226966
-0.004388 -0.020869 -0.016002 0.904531 0.131826 -0.221412 -0.869442 0.441603
-0.005725 -0.025684 -0.03075 0.904493 0.079256 -0.241737 -0.942991 0.228675
0.0011 -0.026478 -0.030794 0.92434 0.082642 0.021668 -0.973632 0.226966
-0.004388 -0.020869 -0.016002 0.667676 0.358041 -0.221412 -0.869442 0.441603
-0.009495 -0.018775 -0.015968 0.654893 0.356239 -0.447676 -0.776696 0.443068
-0.005725 -0.025684 -0.03075 0.667637 0.305471 -0.241737 -0.942991 0.228675
-0.009495 -0.018775 -0.015968 0.935982 0.075129 -0.447676 -0.776696 0.443068
-0.012082 -0.023077 -0.030709 0.925386 0.023086 -0.487197 -0.842372 0.230232
-0.005725 -0.025684 -0.03075 0.941458 0.023072 -0.241737 -0.942991 0.228675
-0.009495 -0.018775 -0.015968 0.425517 0.429282 -0.447676 -0.776696 0.443068
-0.013848 -0.015382 -0.015941 0.440003 0.422309 -0.640553 -0.626362 0.444227
-0.012082 -0.023077 -0.030709 0.439901 0.479868 -0.487197 -0.842372 0.230232
-0.013848 -0.015382 -0.015941 0.904598 0.884896 -0.640553 -0.626362 0.444227
-0.017501 -0.018852 -0.030674 0.922531 0.933772 -0.696341 -0.679312 0.231513
-0.012082 -0.023077 -0.030709 0.904496 0.942455 -0.487197 -0.842372 0.230232
-0.013848 -0.015382 -0.015941 0.614109 0.051796 -0.640553 -0.626362 0.444227
-0.017124 -0.010939 -0.01592 0.630584 0.044071 -0.78573 -0.429487 0.445082
-0.017501 -0.018852 -0.030674 0.630534 0.101199 -0.696341 -0.679312 0.231513
-0.017124 -0.010939 -0.01592 0.114847 0.097354 -0.78573 -0.429487 0.445082
-0.021579 -0.013322 -0.030648 0.135305 0.144863 -0.853755 -0.465865 0.232459
-0.017501 -0.018852 -0.030674 0.114798 0.154482 -0.696341 -0.679312 0.231513
-0.017124 -0.010939 -0.01592 0.922648 0.779777 -0.78573 -0.429487 0.445082
-0.019079 -0.005779 -0.015908 0.940157 0.77249 -0.872402 -0.200842 0.44557
-0.021579 -0.013322 -0.030648 0.940154 0.828451 -0.853755 -0.465865 0.232459
-0.019079 -0.005779 -0.015908 0.556422 0.115126 -0.872402 -0.200842 0.44557
-0.024014 -0.006897 -0.030633 0.578221 0.162015 -0.947752 -0.217872 0.232948
-0.021579 -0.013322 -0.030648 0.556419 0.171087 -0.853755 -0.465865 0.232459
-0.019079 -0.005779 -0.015908 0.924842 0.711867 -0.872402 -0.200842 0.44557
-0.01957 -0.000282 -0.015905 0.942255 0.706105 -0.894162 0.042726 0.445631
-0.024014 -0.006897 -0.030633 0.942239 0.760561 -0.947752 -0.217872 0.232948
-0.01957 -0.000282 -0.015905 0.60892 0.101199 -0.894162 0.042726 0.445631
-0.024625 -5.3e-005 -0.03063 0.630584 0.148482 -0.971374 0.046327 0.232978
-0.024014 -0.006897 -0.030633 0.608904 0.155655 -0.947752 -0.217872 0.232948
-0.01957 -0.000282 -0.015905 0.957197 0.027825 -0.894162 0.042726 0.445631
-0.018559 0.005145 -0.015913 0.973164 0.024262 -0.849452 0.283181 0.445204
-0.024625 -5.3e-005 -0.03063 0.973062 0.077356 -0.971374 0.046327 0.232978
-0.018559 0.005145 -0.015913 0.924454 0.131826 -0.849452 0.283181 0.445204
-0.023366 0.006702 -0.030639 0.924583 0.184346 -0.922819 0.307138 0.23249
-0.024625 -5.3e-005 -0.03063 0.904493 0.181026 -0.971374 0.046327 0.232978
-0.018559 0.005145 -0.015913 0.514691 0.097584 -0.849452 0.283181 0.445204
-0.016122 0.010097 -0.015929 0.527744 0.099372 -0.741478 0.50267 0.444411
-0.023366 0.006702 -0.030639 0.514821 0.150104 -0.922819 0.307138 0.23249
-0.016122 0.010097 -0.015929 0.964007 0.290241 -0.741478 0.50267 0.444411
-0.020333 0.012867 -0.03066 0.974589 0.34224 -0.805719 0.545091 0.231605
-0.023366 0.006702 -0.030639 0.958188 0.342269 -0.922819 0.307138 0.23249
-0.016122 0.010097 -0.015929 0.332824 0.376086 -0.741478 0.50267 0.444411
-0.01244 0.014208 -0.015954 0.347126 0.369178 -0.578234 0.684927 0.443251
-0.020333 0.012867 -0.03066 0.347142 0.426726 -0.805719 0.545091 0.231605
-0.01244 0.014208 -0.015954 0.904496 0.538095 -0.578234 0.684927 0.443251
-0.015748 0.017985 -0.03069 0.922316 0.58704 -0.628742 0.742668 0.230384
-0.020333 0.012867 -0.03066 0.904513 0.595643 -0.805719 0.545091 0.231605
-0.01244 0.014208 -0.015954 0.940023 0.892605 -0.578234 0.684927 0.443251
-0.007784 0.017172 -0.015984 0.956388 0.884896 -0.371929 0.81634 0.441847
-0.015748 0.017985 -0.03069 0.956332 0.942074 -0.628742 0.742668 0.230384
-0.007784 0.017172 -0.015984 0.761309 0.094785 -0.371929 0.81634 0.441847
-0.009952 0.021676 -0.030729 0.781629 0.14237 -0.404981 0.885189 0.228858
-0.015748 0.017985 -0.03069 0.761254 0.151963 -0.628742 0.742668 0.230384
-0.007784 0.017172 -0.015984 0.922531 0.892212 -0.371929 0.81634 0.441847
-0.002502 0.018771 -0.016019 0.940023 0.884896 -0.137791 0.887204 0.440291
-0.009952 0.021676 -0.030729 0.939895 0.940953 -0.404981 0.885189 0.228858
-0.002502 0.018771 -0.016019 0.326664 0.116998 -0.137791 0.887204 0.440291
-0.003376 0.023667 -0.030772 0.348314 0.163947 -0.151128 0.962035 0.22718
-0.009952 0.021676 -0.030729 0.326536 0.173055 -0.404981 0.885189 0.228858
-0.002502 0.018771 -0.016019 0.924822 0.29611 -0.137791 0.887204 0.440291
0.003016 0.018885 -0.016055 0.942293 0.290241 0.106662 0.89227 0.438673
-0.003376 0.023667 -0.030772 0.942215 0.344797 -0.151128 0.962035 0.22718
0.003016 0.018885 -0.016055 0.582449 0.113237 0.106662 0.89227 0.438673
0.003493 0.023809 -0.030817 0.604117 0.160484 0.114048 0.967528 0.22541
-0.003376 0.023667 -0.030772 0.582371 0.167794 -0.151128 0.962035 0.22718
0.003016 0.018885 -0.016055 0.957993 0.70983 0.106662 0.89227 0.438673
0.00836 0.017507 -0.01609 0.974107 0.706105 0.343516 0.831172 0.437178
0.003493 0.023809 -0.030817 0.974019 0.759276 0.114048 0.967528 0.22541
0.00836 0.017507 -0.01609 0.904581 0.184346 0.343516 0.831172 0.437178
0.010146 0.022093 -0.030861 0.924556 0.232882 0.370891 0.901303 0.223762
0.003493 0.023809 -0.030817 0.904493 0.237518 0.114048 0.967528 0.22541
0.00836 0.017507 -0.01609 0.654111 0.379413 0.343516 0.831172 0.437178
0.013134 0.014738 -0.016121 0.66728 0.373334 0.555132 0.708396 0.435835
0.010146 0.022093 -0.030861 0.667186 0.430708 0.370891 0.901303 0.223762
0.013134 0.014738 -0.016121 0.939644 0.48072 0.555132 0.708396 0.435835
0.01609 0.018645 -0.030899 0.955946 0.530525 0.60036 0.768181 0.222327
0.010146 0.022093 -0.030861 0.93955 0.538095 0.370891 0.901303 0.223762
0.013134 0.014738 -0.016121 0.955946 0.488046 0.555132 0.708396 0.435835
0.016984 0.010783 -0.016146 0.97153 0.480629 0.725761 0.533097 0.434797
0.01609 0.018645 -0.030899 0.971482 0.538095 0.60036 0.768181 0.222327
0.016984 0.010783 -0.016146 0.529378 0.080955 0.725761 0.533097 0.434797
0.020883 0.013722 -0.030929 0.548728 0.129187 0.785363 0.578082 0.221229
0.01609 0.018645 -0.030899 0.52933 0.138421 0.60036 0.768181 0.222327
0.016984 0.010783 -0.016146 0.92434 0.082755 0.725761 0.533097 0.434797
0.019624 0.005937 -0.016162 0.941458 0.075129 0.842677 0.318369 0.434156
0.020883 0.013722 -0.030929 0.941451 0.131826 0.785363 0.578082 0.221229
0.019624 0.005937 -0.016162 0.442774 0.111849 0.842677 0.318369 0.434156
0.02417 0.007687 -0.03095 0.464083 0.159054 0.912229 0.345164 0.220496
0.020883 0.013722 -0.030929 0.442767 0.168546 0.785363 0.578082 0.221229
0.019624 0.005937 -0.016162 0.922736 0.94912 0.842677 0.318369 0.434156
0.020859 0.000557 -0.016169 0.94036 0.942455 0.897397 0.079928 0.433882
0.02417 0.007687 -0.03095 0.940366 0.997819 0.912229 0.345164 0.220496
0.020859 0.000557 -0.016169 0.005477 0.113939 0.897397 0.079928 0.433882
0.025708 0.00099 -0.030959 0.027423 0.161006 0.971587 0.086581 0.220252
0.02417 0.007687 -0.03095 0.005483 0.169303 0.912229 0.345164 0.220496
0.020859 0.000557 -0.016169 0.425875 0.048185 0.897397 0.079928 0.433882
0.020597 -0.004955 -0.016167 0.442767 0.043428 0.885739 -0.164434 0.434065
0.025708 0.00099 -0.030959 0.442649 0.097333 0.971587 0.086581 0.220252
0.020597 -0.004955 -0.016167 0.253732 0.087646 0.885739 -0.164434 0.434065
0.02538 -0.005873 -0.030957 0.274645 0.135628 0.958922 -0.17835 0.220466
0.025708 0.00099 -0.030959 0.253614 0.14155 0.971587 0.086581 0.220252
0.020597 -0.004955 -0.016167 0.077489 0.283112 0.885739 -0.164434 0.434065
0.018856 -0.010193 -0.016156 0.092365 0.284768 0.808618 -0.396435 0.434675
0.02538 -0.005873 -0.030957 0.077485 0.335453 0.958922 -0.17835 0.220466
0.018856 -0.010193 -0.016156 0.941005 0.832029 0.808618 -0.396435 0.434675
0.023214 -0.012393 -0.030941 0.941081 0.884896 0.875301 -0.429975 0.221168
0.02538 -0.005873 -0.030957 0.922741 0.881596 0.958922 -0.17835 0.220466
0.018856 -0.010193 -0.016156 0.42535 0.486933 0.808618 -0.396435 0.434675
0.015768 -0.014768 -0.016134 0.440003 0.479868 0.671743 -0.599109 0.435652
0.023214 -0.012393 -0.030941 0.439943 0.537413 0.875301 -0.429975 0.221168
0.015768 -0.014768 -0.016134 0.904556 0.942455 0.671743 -0.599109 0.435652
0.019369 -0.018088 -0.030915 0.922736 0.991206 0.72689 -0.64977 0.222236
0.023214 -0.012393 -0.030941 0.904496 1 0.875301 -0.429975 0.221168
0.015768 -0.014768 -0.016134 0.167092 0.055854 0.671743 -0.599109 0.435652
0.011559 -0.018339 -0.016106 0.183677 0.048134 0.485214 -0.757378 0.436933
0.019369 -0.018088 -0.030915 0.183617 0.105191 0.72689 -0.64977 0.222236
0.011559 -0.018339 -0.016106 0.786936 0.09773 0.485214 -0.757378 0.436933
0.014131 -0.022534 -0.030881 0.807524 0.145178 0.524613 -0.821406 0.223609
0.019369 -0.018088 -0.030915 0.786875 0.154787 0.72689 -0.64977 0.222236
0.011559 -0.018339 -0.016106 0.922316 0.545281 0.485214 -0.757378 0.436933
0.006544 -0.020642 -0.016073 0.939871 0.538095 0.263009 -0.859401 0.438429
0.014131 -0.022534 -0.030881 0.939806 0.593956 0.524613 -0.821406 0.223609
0.006544 -0.020642 -0.016073 0.225606 0.122572 0.263009 -0.859401 0.438429
0.007886 -0.025401 -0.030839 0.247397 0.169485 0.283578 -0.932096 0.225257
0.014131 -0.022534 -0.030881 0.225541 0.178434 0.524613 -0.821406 0.223609
0.006544 -0.020642 -0.016073 0.185527 0.055884 0.263009 -0.859401 0.438429
0.001093 -0.021507 -0.016038 0.202899 0.050305 0.021485 -0.897702 0.440016
0.007886 -0.025401 -0.030839 0.202765 0.104654 0.283578 -0.932096 0.225257
0.001093 -0.021507 -0.016038 0.067706 0.099411 0.021485 -0.897702 0.440016
0.0011 -0.026478 -0.030794 0.089199 0.146814 0.021668 -0.973632 0.226966
0.007886 -0.025401 -0.030839 0.067572 0.15376 0.283578 -0.932096 0.225257
0.001015 -0.014379 -0.005546 0.893017 0.00539398 0.018616 -0.661122 0.750023
-0.002541 -0.013965 -0.005523 0.904493 0.001122 -0.160283 -0.640278 0.751183
0.001093 -0.021507 -0.016038 0.904467 0.038513 0.021485 -0.897702 0.440016
-0.002541 -0.013965 -0.005523 0.973287 0.077356 -0.160283 -0.640278 0.751183
-0.004388 -0.020869 -0.016002 0.990954 0.108162 -0.221412 -0.869442 0.441603
0.001093 -0.021507 -0.016038 0.97326 0.114748 0.021485 -0.897702 0.440016
-0.002541 -0.013965 -0.005523 0.517157 0.012347 -0.160283 -0.640278 0.751183
-0.005852 -0.012607 -0.005501 0.52842 0.00740099 -0.326975 -0.571947 0.752281
-0.004388 -0.020869 -0.016002 0.528371 0.046041 -0.221412 -0.869442 0.441603
-0.005852 -0.012607 -0.005501 0.167141 0.00949401 -0.326975 -0.571947 0.752281
-0.009495 -0.018775 -0.015968 0.184461 0.040505 -0.447676 -0.776696 0.443068
-0.004388 -0.020869 -0.016002 0.167092 0.048134 -0.221412 -0.869442 0.441603
-0.005852 -0.012607 -0.005501 0.988305 0.486184 -0.326975 -0.571947 0.752281
-0.008674 -0.010407 -0.005483 0.99922 0.480629 -0.468947 -0.461318 0.753136
-0.009495 -0.018775 -0.015968 0.999138 0.520012 -0.447676 -0.776696 0.443068
-0.008674 -0.010407 -0.005483 0.146076 0.046082 -0.468947 -0.461318 0.753136
-0.013848 -0.015382 -0.015941 0.145182 0.011018 -0.640553 -0.626362 0.444227
-0.009495 -0.018775 -0.015968 0.164072 0.01105 -0.447676 -0.776696 0.443068
-0.008674 -0.010407 -0.005483 0.189299 0.301192 -0.468947 -0.461318 0.753136
-0.010799 -0.007526 -0.005469 0.199584 0.295407 -0.575854 -0.316355 0.753838
-0.013848 -0.015382 -0.015941 0.199492 0.338525 -0.640553 -0.626362 0.444227
-0.010799 -0.007526 -0.005469 0.972628 0.419863 -0.575854 -0.316355 0.753838
-0.017124 -0.010939 -0.01592 0.988399 0.454067 -0.78573 -0.429487 0.445082
-0.013848 -0.015382 -0.015941 0.972537 0.462982 -0.640553 -0.626362 0.444227
-0.010799 -0.007526 -0.005469 0.749465 0.141756 -0.575854 -0.316355 0.753838
-0.012067 -0.004179 -0.005461 0.760793 0.13696 -0.63979 -0.14774 0.754173
-0.017124 -0.010939 -0.01592 0.76071 0.177702 -0.78573 -0.429487 0.445082
-0.012067 -0.004179 -0.005461 0.786958 0.012477 -0.63979 -0.14774 0.754173
-0.019079 -0.005779 -0.015908 0.804339 0.045825 -0.872402 -0.200842 0.44557
-0.017124 -0.010939 -0.01592 0.786875 0.05322 -0.78573 -0.429487 0.445082
-0.012067 -0.004179 -0.005461 0.749465 0.022487 -0.63979 -0.14774 0.754173
-0.012385 -0.000615 -0.00546 0.76099 0.01956 -0.655812 0.031556 0.754234
-0.019079 -0.005779 -0.015908 0.760998 0.05828 -0.872402 -0.200842 0.44557
-0.012385 -0.000615 -0.00546 0.989533 0.770036 -0.655812 0.031556 0.754234
-0.01957 -0.000282 -0.015905 0.989568 0.808583 -0.894162 0.042726 0.445631
-0.019079 -0.005779 -0.015908 0.971708 0.804409 -0.872402 -0.200842 0.44557
-0.012385 -0.000615 -0.00546 0.988399 0.425303 -0.655812 0.031556 0.754234
-0.01173 0.002904 -0.005465 0.99901 0.425282 -0.622883 0.208625 0.75396
-0.01957 -0.000282 -0.015905 0.996533 0.462982 -0.894162 0.042726 0.445631
-0.01173 0.002904 -0.005465 0.268966 0.00395501 -0.622883 0.208625 0.75396
-0.018559 0.005145 -0.015913 0.268976 0.044103 -0.849452 0.283181 0.445204
-0.01957 -0.000282 -0.015905 0.253614 0.038477 -0.894162 0.042726 0.445631
-0.01173 0.002904 -0.005465 0.46368 0.390559 -0.622883 0.208625 0.75396
-0.01015 0.006115 -0.005476 0.471778 0.393273 -0.543321 0.370342 0.75338
-0.018559 0.005145 -0.015913 0.46369 0.430707 -0.849452 0.283181 0.445204
-0.01015 0.006115 -0.005476 0.667755 0.054838 -0.543321 0.370342 0.75338
-0.016122 0.010097 -0.015929 0.667802 0.096689 -0.741478 0.50267 0.444411
-0.018559 0.005145 -0.015913 0.655813 0.091226 -0.849452 0.283181 0.445204
-0.01015 0.006115 -0.005476 0.057899 0.183392 -0.543321 0.370342 0.75338
-0.007761 0.008781 -0.005492 0.066504 0.177729 -0.423139 0.504501 0.752586
-0.016122 0.010097 -0.015929 0.066464 0.222934 -0.741478 0.50267 0.444411
-0.007761 0.008781 -0.005492 0.614149 -0.00113404 -0.423139 0.504501 0.752586
-0.01244 0.014208 -0.015954 0.627377 0.035341 -0.578234 0.684927 0.443251
-0.016122 0.010097 -0.015929 0.614109 0.044071 -0.741478 0.50267 0.444411
-0.007761 0.008781 -0.005492 0.847664 0.164138 -0.423139 0.504501 0.752586
-0.004743 0.010703 -0.005511 0.857842 0.15831 -0.271187 0.601276 0.751579
-0.01244 0.014208 -0.015954 0.857829 0.201582 -0.578234 0.684927 0.443251
-0.004743 0.010703 -0.005511 0.972578 0.551921 -0.271187 0.601276 0.751579
-0.007784 0.017172 -0.015984 0.988263 0.586205 -0.371929 0.81634 0.441847
-0.01244 0.014208 -0.015954 0.972565 0.595193 -0.578234 0.684927 0.443251
-0.004743 0.010703 -0.005511 0.056303 0.117779 -0.271187 0.601276 0.751579
-0.001317 0.011741 -0.005534 0.067572 0.112863 -0.098758 0.653554 0.750359
-0.007784 0.017172 -0.015984 0.067563 0.15376 -0.371929 0.81634 0.441847
-0.001317 0.011741 -0.005534 0.971111 0.6614 -0.098758 0.653554 0.750359
-0.002502 0.018771 -0.016019 0.988479 0.694713 -0.137791 0.887204 0.440291
-0.007784 0.017172 -0.015984 0.971102 0.702296 -0.371929 0.81634 0.441847
-0.001317 0.011741 -0.005534 0.749465 0.061352 -0.098758 0.653554 0.750359
0.002261 0.011814 -0.005557 0.761015 0.05828 0.081301 0.657247 0.749229
-0.002502 0.018771 -0.016019 0.760991 0.097109 -0.137791 0.887204 0.440291
0.002261 0.011814 -0.005557 0.185551 0.011476 0.081301 0.657247 0.749229
0.003016 0.018885 -0.016055 0.20334 0.045573 0.106662 0.89227 0.438673
-0.002502 0.018771 -0.016019 0.185527 0.050305 -0.137791 0.887204 0.440291
0.002261 0.011814 -0.005557 0.637891 0.044071 0.081301 0.657247 0.749229
0.005727 0.010921 -0.00558 0.627377 0.041948 0.255867 0.612232 0.7481
0.003016 0.018885 -0.016055 0.637803 0.00561303 0.106662 0.89227 0.438673
0.005727 0.010921 -0.00558 0.081602 0.044527 0.255867 0.612232 0.7481
0.00836 0.017507 -0.01609 0.068085 0.00684899 0.343516 0.831172 0.437178
0.003016 0.018885 -0.016055 0.084624 0.00684702 0.106662 0.89227 0.438673
0.005727 0.010921 -0.00558 0.301204 0.39012 0.255867 0.612232 0.7481
0.008823 0.009125 -0.0056 0.309044 0.38492 0.411695 0.521805 0.747093
0.00836 0.017507 -0.01609 0.308962 0.430724 0.343516 0.831172 0.437178
0.008823 0.009125 -0.0056 0.133179 0.000276983 0.411695 0.521805 0.747093
0.013134 0.014738 -0.016121 0.145182 0.038063 0.555132 0.708396 0.435835
0.00836 0.017507 -0.01609 0.133097 0.046082 0.343516 0.831172 0.437178
0.008823 0.009125 -0.0056 0.464392 0.252981 0.411695 0.521805 0.747093
0.011319 0.006561 -0.005616 0.473941 0.247146 0.537339 0.392712 0.74633
0.013134 0.014738 -0.016121 0.473938 0.29146 0.555132 0.708396 0.435835
0.011319 0.006561 -0.005616 0.052535 0.021915 0.537339 0.392712 0.74633
0.016984 0.010783 -0.016146 0.067259 0.05723 0.725761 0.533097 0.434797
0.013134 0.014738 -0.016121 0.052532 0.06623 0.555132 0.708396 0.435835
0.011319 0.006561 -0.005616 0.056303 0.076173 0.537339 0.392712 0.74633
0.013031 0.003418 -0.005627 0.067182 0.070756 0.623463 0.234535 0.745811
0.016984 0.010783 -0.016146 0.067158 0.112863 0.725761 0.533097 0.434797
0.013031 0.003418 -0.005627 0.971554 0.480629 0.623463 0.234535 0.745811
0.019624 0.005937 -0.016162 0.988305 0.514381 0.842677 0.318369 0.434156
0.016984 0.010783 -0.016146 0.97153 0.522735 0.725761 0.533097 0.434797
0.013031 0.003418 -0.005627 0.749465 0.101079 0.623463 0.234535 0.745811
0.013832 -7.1e-005 -0.005632 0.761021 0.097109 0.663747 0.058931 0.745598
0.019624 0.005937 -0.016162 0.760971 0.13696 0.842677 0.318369 0.434156
0.013832 -7.1e-005 -0.005632 0.638043 0.012113 0.663747 0.058931 0.745598
0.020859 0.000557 -0.016169 0.655813 0.045842 0.897397 0.079928 0.433882
0.019624 0.005937 -0.016162 0.637993 0.051963 0.842677 0.318369 0.434156
0.013832 -7.1e-005 -0.005632 0.988263 0.557069 0.663747 0.058931 0.745598
0.013662 -0.003646 -0.00563 0.999542 0.558584 0.655171 -0.121067 0.745689
0.020859 0.000557 -0.016169 0.988269 0.595193 0.897397 0.079928 0.433882
0.013662 -0.003646 -0.00563 0.989899 0.037933 0.655171 -0.121067 0.745689
0.020597 -0.004955 -0.016167 0.989996 0.077356 0.885739 -0.164434 0.434065
0.020859 0.000557 -0.016169 0.973164 0.07239 0.897397 0.079928 0.433882
0.013662 -0.003646 -0.00563 0.162604 0.17797 0.655171 -0.121067 0.745689
0.012533 -0.007043 -0.005622 0.171982 0.180476 0.598315 -0.292001 0.746117
0.020597 -0.004955 -0.016167 0.162701 0.217394 0.885739 -0.164434 0.434065
0.012533 -0.007043 -0.005622 0.32157 0.00235897 0.598315 -0.292001 0.746117
0.018856 -0.010193 -0.016156 0.321592 0.04347 0.808618 -0.396435 0.434675
0.020597 -0.004955 -0.016167 0.307731 0.037821 0.885739 -0.164434 0.434065
0.012533 -0.007043 -0.005622 0.52048 0.202447 0.598315 -0.292001 0.746117
0.01053 -0.010008 -0.005609 0.529332 0.196711 0.497574 -0.441145 0.746818
0.018856 -0.010193 -0.016156 0.529274 0.241694 0.808618 -0.396435 0.434675
0.01053 -0.010008 -0.005609 0.425674 0.174944 0.497574 -0.441145 0.746818
0.015768 -0.014768 -0.016134 0.439266 0.211079 0.671743 -0.599109 0.435652
0.018856 -0.010193 -0.016156 0.425616 0.219927 0.808618 -0.396435 0.434675
0.01053 -0.010008 -0.005609 0.850486 0.03899 0.497574 -0.441145 0.746818
0.007802 -0.012324 -0.00559 0.860859 0.033236 0.36021 -0.557665 0.747795
0.015768 -0.014768 -0.016134 0.860814 0.076189 0.671743 -0.599109 0.435652
0.007802 -0.012324 -0.00559 0.971972 0.942626 0.36021 -0.557665 0.747795
0.011559 -0.018339 -0.016106 0.987927 0.976708 0.485214 -0.757378 0.436933
0.015768 -0.014768 -0.016134 0.971928 0.985579 0.671743 -0.599109 0.435652
0.007802 -0.012324 -0.00559 0.749465 0.182397 0.36021 -0.557665 0.747795
0.004549 -0.013818 -0.005569 0.760838 0.177702 0.196478 -0.632923 0.748833
0.011559 -0.018339 -0.016106 0.760798 0.218283 0.485214 -0.757378 0.436933
0.004549 -0.013818 -0.005569 0.114837 0.011988 0.196478 -0.632923 0.748833
0.006544 -0.020642 -0.016073 0.132331 0.045328 0.263009 -0.859401 0.438429
0.011559 -0.018339 -0.016106 0.114798 0.052568 0.485214 -0.757378 0.436933
0.004549 -0.013818 -0.005569 0.296223 0.00759399 0.196478 -0.632923 0.748833
0.001015 -0.014379 -0.005546 0.307731 0.00485098 0.018616 -0.661122 0.750023
0.006544 -0.020642 -0.016073 0.307649 0.04347 0.263009 -0.859401 0.438429
0.001015 -0.014379 -0.005546 0.972122 0.923556 0.018616 -0.661122 0.750023
0.001093 -0.021507 -0.016038 0.972039 0.884896 0.021485 -0.897702 0.440016
0.006544 -0.020642 -0.016073 0.989769 0.889205 0.263009 -0.859401 0.438429
-0.002541 -0.013965 -0.005523 1 0.233651 -0.160283 -0.640278 0.751183
0.001015 -0.014379 -0.005546 0.987834 0.235044 0.018616 -0.661122 0.750023
0.000782 -0.001237 0.000593 0.98786 0.185462 0.006531 0.000183 0.999969
-0.005852 -0.012607 -0.005501 0.600618 0.018326 -0.326975 -0.571947 0.752281
-0.002541 -0.013965 -0.005523 0.61292 0.018332 -0.160283 -0.640278 0.751183
0.000782 -0.001237 0.000593 0.606752 0.067641 0.006531 0.000183 0.999969
-0.008674 -0.010407 -0.005483 0.985666 0.348658 -0.468947 -0.461318 0.753136
-0.005852 -0.012607 -0.005501 0.997837 0.350029 -0.326975 -0.571947 0.752281
0.000782 -0.001237 0.000593 0.985812 0.398247 0.006531 0.000183 0.999969
-0.010799 -0.007526 -0.005469 0.574355 0.243249 -0.575854 -0.316355 0.753838
-0.008674 -0.010407 -0.005483 0.586329 0.241489 -0.468947 -0.461318 0.753136
0.000782 -0.001237 0.000593 0.586323 0.291079 0.006531 0.000183 0.999969
-0.012067 -0.004179 -0.005461 0.655813 0.172238 -0.63979 -0.14774 0.754173
-0.010799 -0.007526 -0.005469 0.667712 0.172233 -0.575854 -0.316355 0.753838
0.000782 -0.001237 0.000593 0.659421 0.220835 0.006531 0.000183 0.999969
-0.012385 -0.000615 -0.00546 0.749465 0.491075 -0.655812 0.031556 0.754234
-0.012067 -0.004179 -0.005461 0.760921 0.488726 -0.63979 -0.14774 0.754173
0.000782 -0.001237 0.000593 0.760794 0.537456 0.006531 0.000183 0.999969
-0.01173 0.002904 -0.005465 0.51812 0.292197 -0.622883 0.208625 0.75396
-0.012385 -0.000615 -0.00546 0.529332 0.289377 -0.655812 0.031556 0.754234
0.000782 -0.001237 0.000593 0.529198 0.337121 0.006531 0.000183 0.999969
-0.01015 0.006115 -0.005476 0.749465 0.39813 -0.543321 0.370342 0.75338
-0.01173 0.002904 -0.005465 0.76049 0.394773 -0.622883 0.208625 0.75396
0.000782 -0.001237 0.000593 0.760463 0.441043 0.006531 0.000183 0.999969
-0.007761 0.008781 -0.005492 0.749465 0.308096 -0.423139 0.504501 0.752586
-0.01015 0.006115 -0.005476 0.760436 0.304293 -0.543321 0.370342 0.75338
0.000782 -0.001237 0.000593 0.760405 0.348594 0.006531 0.000183 0.999969
-0.004743 0.010703 -0.005511 0.054753 0.22377 -0.271187 0.601276 0.751579
-0.007761 0.008781 -0.005492 0.066504 0.222934 -0.423139 0.504501 0.752586
0.000782 -0.001237 0.000593 0.054821 0.263224 0.006531 0.000183 0.999969
-0.001317 0.011741 -0.005534 0.517122 0.050061 -0.098758 0.653554 0.750359
-0.004743 0.010703 -0.005511 0.52842 0.046041 -0.271187 0.601276 0.751579
0.000782 -0.001237 0.000593 0.528368 0.085495 0.006531 0.000183 0.999969
0.002261 0.011814 -0.005557 0.430589 0.00791001 0.081301 0.657247 0.749229
-0.001317 0.011741 -0.005534 0.442767 0.00791401 -0.098758 0.653554 0.750359
0.000782 -0.001237 0.000593 0.431776 0.043428 0.006531 0.000183 0.999969
0.005727 0.010921 -0.00558 0.828845 0.00369 0.255867 0.612232 0.7481
0.002261 0.011814 -0.005557 0.841131 0.00368798 0.081301 0.657247 0.749229
0.000782 -0.001237 0.000593 0.833226 0.038337 0.006531 0.000183 0.999969
0.008823 0.009125 -0.0056 0.985455 0.03791 0.411695 0.521805 0.747093
0.005727 0.010921 -0.00558 0.973164 0.037933 0.255867 0.612232 0.7481
0.000782 -0.001237 0.000593 0.977652 0.00330102 0.006531 0.000183 0.999969
0.011319 0.006561 -0.005616 0.508948 0.040723 0.537339 0.392712 0.74633
0.008823 0.009125 -0.0056 0.496763 0.040749 0.411695 0.521805 0.747093
0.000782 -0.001237 0.000593 0.498038 0.00529402 0.006531 0.000183 0.999969
0.013031 0.003418 -0.005627 0.667802 0.054838 0.623463 0.234535 0.745811
0.011319 0.006561 -0.005616 0.656488 0.050829 0.537339 0.392712 0.74633
0.000782 -0.001237 0.000593 0.667752 0.015512 0.006531 0.000183 0.999969
0.013832 -7.1e-005 -0.005632 0.760534 0.260105 0.663747 0.058931 0.745598
0.013031 0.003418 -0.005627 0.749465 0.256033 0.623463 0.234535 0.745811
0.000782 -0.001237 0.000593 0.760486 0.218283 0.006531 0.000183 0.999969
0.013662 -0.003646 -0.00563 0.760442 0.304293 0.655171 -0.121067 0.745689
0.013832 -7.1e-005 -0.005632 0.749465 0.300493 0.663747 0.058931 0.745598
0.000782 -0.001237 0.000593 0.760325 0.260105 0.006531 0.000183 0.999969
0.012533 -0.007043 -0.005622 0.760484 0.394773 0.598315 -0.292001 0.746117
0.013662 -0.003646 -0.00563 0.749465 0.391386 0.655171 -0.121067 0.745689
0.000782 -0.001237 0.000593 0.760482 0.348594 0.006531 0.000183 0.999969
0.01053 -0.010008 -0.005609 0.529332 0.289377 0.497574 -0.441145 0.746818
0.012533 -0.007043 -0.005622 0.518136 0.286525 0.598315 -0.292001 0.746117
0.000782 -0.001237 0.000593 0.529217 0.241694 0.006531 0.000183 0.999969
0.007802 -0.012324 -0.00559 0.761143 0.488322 0.36021 -0.557665 0.747795
0.01053 -0.010008 -0.005609 0.749465 0.488726 0.497574 -0.441145 0.746818
0.000782 -0.001237 0.000593 0.749496 0.441043 0.006531 0.000183 0.999969
0.004549 -0.013818 -0.005569 0.667712 0.171389 0.196478 -0.632923 0.748833
0.007802 -0.012324 -0.00559 0.655853 0.172233 0.36021 -0.557665 0.747795
0.000782 -0.001237 0.000593 0.655894 0.123541 0.006531 0.000183 0.999969
0.001015 -0.014379 -0.005546 0.99996 0.984395 0.018616 -0.661122 0.750023
0.004549 -0.013818 -0.005569 0.987928 0.985579 0.196478 -0.632923 0.748833
0.000782 -0.001237 0.000593 0.987938 0.936292 0.006531 0.000183 0.999969
